x 0.270598 0.92388 -0.270598 
x 0.5 0.707107 -0.5 
x 0.653281 0.382683 -0.653281 
x 0.707107 0 -0.707107 
x 0.653281 -0.382683 -0.653281 
x 0.5 -0.707107 -0.5 
x 0.270598 -0.92388 -0.270598 
x 0.382683 0.92388 0 
x 0.707107 0.707107 0 
x 0.923879 0.382683 0 
x 1 0 0 
x 0.923879 -0.382683 0 
x 0.707107 -0.707107 0 
x 0.382683 -0.92388 0 
x 0.270598 0.92388 0.270598 
x 0.5 0.707107 0.5 
x 0.653281 0.382683 0.653281 
x 0.707107 0 0.707107 
x 0.653281 -0.382683 0.653281 
x 0.5 -0.707107 0.5 
x 0.270598 -0.92388 0.270598 
x 0 0.92388 0.382683 
x 0 0.707107 0.707107 
x 0 0.382683 0.923879 
x 0 0 1 
x 0 -0.382683 0.923879 
x 0 -0.707107 0.707107 
x 0 -0.92388 0.382683 
x -0.270598 0.92388 0.270598 
x -0.5 0.707107 0.5 
x -0.653281 0.382683 0.653281 
x -0.707107 0 0.707107 
x -0.653281 -0.382683 0.653281 
x -0.5 -0.707107 0.5 
x -0.270598 -0.92388 0.270598 
x -0.382683 0.92388 0 
x -0.707107 0.707107 0 
x -0.923879 0.382683 0 
x -1 0 0 
x -0.923879 -0.382683 0 
x -0.707107 -0.707107 0 
x -0.382683 -0.92388 0 
x -0.270598 0.92388 -0.270598 
x -0.5 0.707107 -0.5 
x -0.653281 0.382683 -0.653281 
x -0.707107 0 -0.707107 
x -0.653281 -0.382683 -0.653281 
x -0.5 -0.707107 -0.5 
x -0.270598 -0.92388 -0.270598 
x 0 -1 0 
x 0 1 0 
x 0 0.92388 -0.382683 
x 0 0.707107 -0.707107 
x 0 0.382683 -0.923879 
x 0 0 -1 
x 0 -0.382683 -0.923879 
x 0 -0.707107 -0.707107 
x 0 -0.92388 -0.382683 
f 52 51 1 
f 50 58 7 
f 56 6 57 
f 54 4 55 
f 52 2 53 
f 57 7 58 
f 56 4 5 
f 54 2 3 
f 3 11 4 
f 1 9 2 
f 6 14 7 
f 4 12 5 
f 3 9 10 
f 1 51 8 
f 50 7 14 
f 5 13 6 
f 13 21 14 
f 12 18 19 
f 10 16 17 
f 8 51 15 
f 50 14 21 
f 12 20 13 
f 10 18 11 
f 8 16 9 
f 16 24 17 
f 15 51 22 
f 50 21 28 
f 19 27 20 
f 17 25 18 
f 15 23 16 
f 20 28 21 
f 19 25 26 
f 50 28 35 
f 26 34 27 
f 25 31 32 
f 22 30 23 
f 27 35 28 
f 25 33 26 
f 23 31 24 
f 22 51 29 
f 29 37 30 
f 34 42 35 
f 33 39 40 
f 30 38 31 
f 29 51 36 
f 50 35 42 
f 33 41 34 
f 31 39 32 
f 41 49 42 
f 39 47 40 
f 37 45 38 
f 36 51 43 
f 50 42 49 
f 40 48 41 
f 39 45 46 
f 36 44 37 
f 43 51 52 
f 50 49 58 
f 47 57 48 
f 45 55 46 
f 43 53 44 
f 48 58 49 
f 47 55 56 
f 44 54 45 
f 56 5 6 
f 54 3 4 
f 52 1 2 
f 57 6 7 
f 56 55 4 
f 54 53 2 
f 3 10 11 
f 1 8 9 
f 6 13 14 
f 4 11 12 
f 3 2 9 
f 5 12 13 
f 13 20 21 
f 12 11 18 
f 10 9 16 
f 12 19 20 
f 10 17 18 
f 8 15 16 
f 16 23 24 
f 19 26 27 
f 17 24 25 
f 15 22 23 
f 20 27 28 
f 19 18 25 
f 26 33 34 
f 25 24 31 
f 22 29 30 
f 27 34 35 
f 25 32 33 
f 23 30 31 
f 29 36 37 
f 34 41 42 
f 33 32 39 
f 30 37 38 
f 33 40 41 
f 31 38 39 
f 41 48 49 
f 39 46 47 
f 37 44 45 
f 40 47 48 
f 39 38 45 
f 36 43 44 
f 47 56 57 
f 45 54 55 
f 43 52 53 
f 48 57 58 
f 47 46 55 
f 44 53 54 
c 52 51 0.39018 
c 52 1 0.292893 
c 51 1 0.39018 
c 50 58 0.39018 
c 50 7 0.39018 
c 58 7 0.292893 
c 56 6 0.731385 
c 56 57 0.390181 
c 6 57 0.541196 
c 54 4 0.832728 
c 54 55 0.39018 
c 4 55 0.765367 
c 52 2 0.557453 
c 52 53 0.390181 
c 2 53 0.541196 
c 57 7 0.557453 
c 57 58 0.390181 
c 56 4 0.832728 
c 56 5 0.707106 
c 4 5 0.39018 
c 54 2 0.731385 
c 54 3 0.707106 
c 2 3 0.390181 
c 3 11 0.832728 
c 3 4 0.39018 
c 11 4 0.765367 
c 1 9 0.557453 
c 1 2 0.390181 
c 9 2 0.541196 
c 6 14 0.557453 
c 6 7 0.390181 
c 14 7 0.292893 
c 4 12 0.832728 
c 12 5 0.707106 
c 3 9 0.731385 
c 3 10 0.707106 
c 9 10 0.390181 
c 1 8 0.292893 
c 51 8 0.39018 
c 50 14 0.39018 
c 5 13 0.731385 
c 5 6 0.390181 
c 13 6 0.541196 
c 13 21 0.557453 
c 13 14 0.390181 
c 21 14 0.292893 
c 12 18 0.832728 
c 12 19 0.707106 
c 18 19 0.39018 
c 10 16 0.731385 
c 10 17 0.707106 
c 16 17 0.390181 
c 8 15 0.292893 
c 51 15 0.39018 
c 50 21 0.39018 
c 12 20 0.731385 
c 12 13 0.390181 
c 20 13 0.541196 
c 10 18 0.832728 
c 10 11 0.39018 
c 18 11 0.765367 
c 8 16 0.557453 
c 8 9 0.390181 
c 16 9 0.541196 
c 16 24 0.731385 
c 24 17 0.707106 
c 15 22 0.292893 
c 51 22 0.39018 
c 50 28 0.39018 
c 21 28 0.292893 
c 19 27 0.731385 
c 19 20 0.390181 
c 27 20 0.541196 
c 17 25 0.832728 
c 17 18 0.39018 
c 25 18 0.765367 
c 15 23 0.557453 
c 15 16 0.390181 
c 23 16 0.541196 
c 20 28 0.557453 
c 20 21 0.390181 
c 19 25 0.832728 
c 19 26 0.707106 
c 25 26 0.39018 
c 50 35 0.39018 
c 28 35 0.292893 
c 26 34 0.731385 
c 26 27 0.390181 
c 34 27 0.541196 
c 25 31 0.832728 
c 25 32 0.765367 
c 31 32 0.39018 
c 22 30 0.557453 
c 22 23 0.390181 
c 30 23 0.541196 
c 27 35 0.557453 
c 27 28 0.390181 
c 25 33 0.832728 
c 33 26 0.707106 
c 23 31 0.731385 
c 23 24 0.390181 
c 31 24 0.707106 
c 22 29 0.292893 
c 51 29 0.39018 
c 29 37 0.557453 
c 29 30 0.390181 
c 37 30 0.541196 
c 34 42 0.557453 
c 34 35 0.390181 
c 42 35 0.292893 
c 33 39 0.832728 
c 33 40 0.707106 
c 39 40 0.39018 
c 30 38 0.731385 
c 30 31 0.390181 
c 38 31 0.707106 
c 29 36 0.292893 
c 51 36 0.39018 
c 50 42 0.39018 
c 33 41 0.731385 
c 33 34 0.390181 
c 41 34 0.541196 
c 31 39 0.832728 
c 39 32 0.765367 
c 41 49 0.557453 
c 41 42 0.390181 
c 49 42 0.292893 
c 39 47 0.832728 
c 47 40 0.707106 
c 37 45 0.731385 
c 37 38 0.390181 
c 45 38 0.707106 
c 36 43 0.292893 
c 51 43 0.39018 
c 50 49 0.39018 
c 40 48 0.731385 
c 40 41 0.390181 
c 48 41 0.541196 
c 39 45 0.832728 
c 39 46 0.765367 
c 45 46 0.39018 
c 36 44 0.557453 
c 36 37 0.390181 
c 44 37 0.541196 
c 43 52 0.292893 
c 49 58 0.292893 
c 47 57 0.731385 
c 47 48 0.390181 
c 57 48 0.541196 
c 45 55 0.832728 
c 55 46 0.765367 
c 43 53 0.557453 
c 43 44 0.390181 
c 53 44 0.541196 
c 48 58 0.557453 
c 48 49 0.390181 
c 47 55 0.832728 
c 47 56 0.707106 
c 55 56 0.39018 
c 44 54 0.731385 
c 44 45 0.390181 
c 54 45 0.707106 
c 54 53 0.390181 
c 11 12 0.39018 
c 24 25 0.39018 
c 32 33 0.39018 
c 38 39 0.39018 
c 46 47 0.39018 
v 1 3 8 51 0.00748254 
v 1 52 3 51 0.00748254 
v 2 8 10 9 0.00485505 
v 2 52 54 3 0.00634342 
v 2 53 52 1 8.67041e-09 
v 3 2 1 8 0.00262752 
v 3 10 51 17 0.0363757 
v 3 17 19 12 0.0450996 
v 3 45 31 51 0.175637 
v 3 52 54 51 0.0180644 
v 3 54 45 51 0.0363757 
v 3 55 4 5 0.0068661 
v 5 7 58 6 0.00262752 
v 5 12 14 6 0.00634342 
v 5 14 7 6 0.00262752 
v 5 56 57 6 3.68043e-09 
v 5 58 56 6 0.00634342 
v 7 14 13 6 8.67041e-09 
v 8 2 1 9 8.67041e-09 
v 8 3 2 10 0.00634342 
v 8 16 9 15 8.67041e-09 
v 9 16 10 17 3.68043e-09 
v 10 3 2 9 3.68043e-09 
v 10 3 4 11 1.96478e-08 
v 10 8 3 51 0.0180644 
v 10 16 8 17 0.00634342 
v 10 17 12 11 0.0063434 
v 11 3 4 5 0.0068661 
v 11 4 12 5 1.96478e-08 
v 11 12 3 5 0.0063434 
v 12 3 10 11 0.0063434 
v 12 14 50 5 0.0180644 
v 12 17 19 11 0.0063434 
v 12 19 18 11 1.96478e-08 
v 12 19 20 13 3.68043e-09 
v 12 50 19 5 0.0363757 
v 13 12 5 6 3.68043e-09 
v 13 14 12 6 0.00485505 
v 14 19 20 12 0.00634342 
v 14 50 19 12 0.0180644 
v 15 8 16 17 0.00262752 
v 15 16 22 17 0.00262752 
v 15 22 51 17 0.00748254 
v 16 10 8 9 0.00485505 
v 16 22 23 15 8.67041e-09 
v 16 23 24 17 3.68043e-09 
v 17 3 10 12 0.0450996 
v 17 18 19 11 0.0068661 
v 17 24 31 19 0.0450996 
v 17 25 24 19 0.0063434 
v 17 31 3 19 0.21776 
v 18 17 10 11 1.96478e-08 
v 18 25 17 19 0.0068661 
v 19 3 12 5 0.0450996 
v 19 20 28 21 0.00262752 
v 19 26 50 28 0.0180644 
v 19 31 3 5 0.21776 
v 19 50 33 5 0.175637 
v 20 14 12 13 0.00485505 
v 20 21 14 13 8.67041e-09 
v 20 26 19 28 0.00634342 
v 20 27 28 21 8.67041e-09 
v 21 19 20 14 0.00262752 
v 21 50 19 14 0.00748254 
v 22 23 24 16 0.00485505 
v 22 24 31 51 0.0180644 
v 23 30 29 22 8.67041e-09 
v 24 22 16 17 0.00634342 
v 24 26 31 19 0.0450996 
v 24 31 30 22 0.00634342 
v 25 17 24 18 1.96478e-08 
v 25 26 24 19 0.0063434 
v 26 19 27 20 3.68043e-09 
v 26 24 31 25 0.0063434 
v 26 25 18 19 1.96478e-08 
v 26 31 33 25 0.0063434 
v 26 33 32 25 1.96478e-08 
v 26 33 34 27 3.68043e-09 
v 26 50 33 19 0.0363757 
v 27 26 20 28 0.00485505 
v 27 35 34 28 8.67041e-09 
v 29 30 31 22 0.00262752 
v 30 23 24 22 0.00485505 
v 30 29 31 36 0.00262752 
v 31 3 51 17 0.175637 
v 31 23 24 30 3.68043e-09 
v 31 24 32 25 1.96478e-08 
v 31 26 33 19 0.0450996 
v 31 29 22 51 0.00748254 
v 31 30 36 38 0.00634342 
v 31 32 33 25 0.0068661 
v 31 33 39 38 0.0063434 
v 32 33 39 31 0.0068661 
v 33 26 34 28 0.00634342 
v 33 31 19 5 0.21776 
v 33 40 39 38 0.0063434 
v 33 40 42 34 0.00634342 
v 33 41 40 34 3.68043e-09 
v 33 47 40 38 0.0450996 
v 34 26 27 28 0.00485505 
v 35 33 34 28 0.00262752 
v 35 50 33 28 0.00748254 
v 36 29 31 51 0.00748254 
v 36 30 29 37 8.67041e-09 
v 36 31 38 51 0.0180644 
v 36 38 37 44 0.00485505 
v 38 30 36 37 0.00485505 
v 38 31 30 37 3.68043e-09 
v 38 31 33 45 0.0450996 
v 38 33 47 45 0.0450996 
v 39 32 31 38 1.96478e-08 
v 39 40 47 38 0.0063434 
v 40 33 39 32 1.96478e-08 
v 40 39 47 46 1.96478e-08 
v 40 47 48 41 3.68043e-09 
v 40 47 50 42 0.0180644 
v 41 42 34 35 8.67041e-09 
v 41 49 48 42 8.67041e-09 
v 42 33 34 35 0.00262752 
v 42 40 41 34 0.00485505 
v 42 50 33 35 0.00748254 
v 43 36 37 44 8.67041e-09 
v 43 44 53 52 8.67041e-09 
v 43 45 52 51 0.00748254 
v 44 36 38 45 0.00634342 
v 44 38 37 45 3.68043e-09 
v 44 43 36 45 0.00262752 
v 45 3 31 5 0.21776 
v 45 31 33 5 0.21776 
v 45 33 47 5 0.21776 
v 45 36 38 51 0.0180644 
v 45 38 31 51 0.0363757 
v 45 43 36 51 0.00748254 
v 45 44 43 52 0.00262752 
v 45 47 55 56 0.0063434 
v 45 53 44 54 3.68043e-09 
v 45 55 46 54 1.96478e-08 
v 46 38 39 45 1.96478e-08 
v 46 39 47 45 0.0068661 
v 47 39 38 45 0.0063434 
v 47 40 48 42 0.00634342 
v 47 40 50 33 0.0363757 
v 47 48 49 42 0.00262752 
v 47 48 57 56 3.68043e-09 
v 47 50 49 58 0.00748254 
v 47 55 46 45 0.0068661 
v 48 40 41 42 0.00485505 
v 48 47 49 58 0.00262752 
v 50 7 58 5 0.00748254 
v 50 14 7 5 0.00748254 
v 50 19 28 21 0.00748254 
v 50 26 33 28 0.0180644 
v 50 40 42 33 0.0180644 
v 50 47 33 5 0.175637 
v 50 47 49 42 0.00748254 
v 50 56 47 5 0.0363757 
v 51 8 15 17 0.00748254 
v 51 10 8 17 0.0180644 
v 51 22 24 17 0.0180644 
v 51 24 31 17 0.0363757 
v 52 2 1 3 0.00262752 
v 52 44 53 54 0.00485505 
v 52 45 44 54 0.00634342 
v 53 52 54 2 0.00485505 
v 54 3 45 5 0.0450996 
v 54 45 55 56 0.0063434 
v 54 52 45 51 0.0180644 
v 54 53 2 3 3.68043e-09 
v 54 55 3 5 0.0063434 
v 55 47 46 56 1.96478e-08 
v 55 54 3 4 1.96478e-08 
v 55 54 56 5 0.0063434 
v 56 4 55 5 1.96478e-08 
v 56 45 47 5 0.0450996 
v 56 47 48 58 0.00634342 
v 56 48 57 58 0.00485505 
v 56 50 47 58 0.0180644 
v 56 54 45 5 0.0450996 
v 57 48 49 58 8.67041e-09 
v 57 56 58 6 0.00485505 
v 58 7 57 6 8.67041e-09 
v 58 56 50 5 0.0180644 
