x -0.5363 9.0195 -1.4639 
x 0.8798 6.0822 1.68595 
x -4.274 5.47195 0.24685 
x -2.9865 2.31615 2.17875 
x -1.956 1.7886 2.159 
x -2.5964 7.6977 0.6289 
x -0.79895 2.4961 2.44755 
x -1.362 1.9525 2.75245 
x -3.96795 6.6831 2.6835 
x -4.44045 6.24835 -0.02095 
x -3.12975 7.7756 0.13905 
x -1.3853 2.7431 1.7995 
x -3.88325 7.6035 -0.1603 
x -2.18795 2.47515 1.97885 
x -0.0001 3.077 2.8714 
x -2.975 7.50225 1.6261 
x 2.4721 2.8231 1.64135 
x -0.4408 6.37245 1.53275 
x -3.8348 7.80305 1.38005 
x 2.20645 4.96925 0.17435 
x -3.39175 5.81655 -0.4867 
x -4.559 4.7017 0.8179 
x 2.34815 3.6608 1.0033 
x -3.45245 5.81775 2.60385 
x -2.8244 7.3293 -0.07915 
x 0.5578 6.62845 0.2201 
x -3.93175 5.3501 1.7343 
x -4.0752 4.51845 -0.54375 
x -3.37205 4.06515 2.21845 
x -4.7541 5.92955 0.89235 
x -1.1155 4.10015 2.8433 
x -1.5629 4.5612 2.2035 
x -0.35345 4.8085 2.7668 
x -2.8997 5.75385 1.84615 
x 0.53135 5.21195 2.30845 
x -3.5166 7.8695 -0.0381 
x -1.54105 5.6298 1.85505 
x -1.3995 6.3231 0.5402 
x -2.75685 5.09895 -1.0571 
x 0.95755 1.87185 2.1203 
x -2.47495 7.1591 0.24545 
x -0.077 5.6406 -1.01815 
x -3.0971 1.76665 2.25845 
x -0.5716 8.18135 -0.726 
x -1.8035 4.2646 -1.15785 
x 1.9673 4.7441 1.76605 
x 1.8913 2.75015 1.6423 
x 2.9501 3.5585 1.0028 
x 0.8697 4.1624 2.652 
x -4.42145 6.9996 1.9305 
x -4.4962 7.53405 0.88775 
x -4.55625 5.766 2.1816 
x 1.0556 1.76375 -0.1181 
x -3.0944 8.8068 -3.06935 
x 0.8605 4.9434 -1.11095 
x 2.0464 2.85975 -0.4033 
x 2.9526 2.70465 0.1836 
x -1.31945 4.87 -1.2979 
x -3.6446 9.08695 -2.7921 
x -1.8082 5.9841 -0.69955 
x -2.1238 6.3966 0.98765 
x -0.993 9.3671 -0.81095 
x 1.3663 5.7094 -0.5744 
x 1.5868 5.9877 1.01645 
x 2.53505 3.6544 0.27585 
x -3.22725 1.74275 1.0492 
x -3.75355 1.85055 0.09895 
x 1.93725 4.3438 -0.7609 
x -4.1436 4.0962 1.5226 
x -2.75435 2.67615 0.33055 
x -2.59815 2.32015 0.96395 
x -2.0786 1.74325 -1.56115 
x -3.67895 7.4457 -1.7268 
x -2.7874 2.4173 -0.23955 
x -1.31995 2.43015 -1.36825 
x -3.28085 7.85645 -2.7973 
x -1.6262 2.63455 -0.50375 
x -2.63785 3.12005 -0.5569 
x -1.4128 3.8126 -1.83825 
x -4.2352 3.8054 0.21735 
x -0.3094 4.5128 -1.91795 
x -2.44795 1.71735 -0.66925 
x -2.48745 6.4456 -0.1724 
x 1.0506 2.35155 -1.20485 
x -3.32495 7.04915 -0.45505 
x -0.3513 2.6265 -1.6598 
x -3.16205 3.7815 -0.94935 
x 0.52175 1.7392 -1.0053 
x -1.7776 1.8914 -0.5658 
x 0.30335 1.68425 0.6956 
x 0.838 1.81685 0.5504 
x -2.0594 1.68195 -0.07145 
x 2.6183 2.1438 0.8291 
x -2.5284 1.6903 0.7002 
x -0.25725 1.9095 0.77225 
x 0.85975 1.6323 1.1242 
x -1.36385 1.8158 0.7992 
x -2.43615 3.33725 1.93915 
x 0.5328 1.84655 1.7665 
x -1.1077 1.85495 2.15225 
x -3.54815 3.09465 0.8186 
x -1.72815 1.76935 1.72225 
f 13 51 19 
f 68 20 23 
f 29 34 27 
f 49 35 33 
f 56 68 65 
f 65 68 23 
f 49 33 15 
f 29 32 34 
f 32 37 34 
f 32 29 98 
f 7 40 15 
f 37 61 34 
f 14 32 98 
f 20 64 46 
f 12 32 14 
f 18 38 37 
f 23 17 48 
f 2 26 18 
f 4 14 71 
f 18 35 2 
f 33 32 31 
f 51 13 10 
f 17 23 47 
f 7 15 31 
f 15 33 31 
f 35 18 37 
f 57 65 48 
f 6 62 11 
f 40 49 15 
f 24 16 9 
f 62 44 1 
f 5 4 43 
f 24 61 16 
f 46 64 2 
f 24 34 61 
f 47 49 40 
f 53 56 57 
f 46 35 49 
f 46 2 35 
f 23 46 47 
f 96 17 47 
f 88 84 53 
f 88 89 72 
f 93 48 17 
f 47 46 49 
f 45 60 58 
f 44 62 6 
f 95 97 89 
f 57 93 53 
f 41 44 6 
f 76 11 85 
f 95 100 97 
f 82 77 72 
f 3 30 10 
f 60 83 38 
f 14 4 5 
f 80 22 28 
f 67 71 70 
f 69 22 80 
f 77 78 45 
f 40 96 47 
f 84 56 53 
f 102 5 43 
f 4 71 66 
f 11 76 54 
f 68 63 20 
f 93 57 48 
f 16 41 6 
f 20 46 23 
f 83 41 61 
f 23 48 65 
f 30 3 27 
f 22 27 3 
f 26 38 18 
f 59 13 36 
f 54 59 36 
f 13 19 36 
f 30 50 51 
f 11 19 6 
f 43 4 66 
f 16 19 9 
f 36 19 11 
f 20 63 64 
f 38 61 37 
f 83 61 38 
f 41 16 61 
f 6 19 16 
f 63 26 64 
f 26 2 64 
f 54 36 11 
f 25 11 1 
f 32 7 31 
f 32 12 7 
f 35 37 32 
f 25 44 41 
f 71 98 70 
f 50 9 19 
f 24 9 52 
f 29 27 69 
f 8 7 12 
f 71 14 98 
f 69 27 22 
f 8 12 14 
f 19 51 50 
f 5 8 14 
f 32 33 35 
f 9 50 52 
f 42 60 26 
f 73 59 76 
f 26 63 42 
f 45 58 79 
f 73 13 59 
f 79 75 77 
f 73 85 13 
f 79 77 45 
f 52 50 30 
f 87 80 28 
f 88 90 95 
f 51 10 30 
f 42 58 60 
f 66 71 67 
f 3 21 28 
f 58 55 81 
f 78 80 87 
f 10 13 85 
f 22 3 28 
f 70 78 74 
f 70 74 67 
f 77 75 72 
f 55 68 81 
f 99 100 95 
f 97 102 94 
f 97 94 92 
f 25 85 11 
f 38 26 60 
f 55 58 42 
f 25 83 85 
f 83 60 21 
f 60 39 21 
f 56 65 57 
f 63 68 55 
f 63 55 42 
f 10 85 21 
f 82 67 74 
f 21 85 83 
f 41 83 25 
f 56 84 68 
f 28 21 39 
f 45 39 60 
f 74 78 77 
f 82 74 77 
f 3 10 21 
f 84 81 68 
f 84 86 81 
f 78 87 45 
f 87 39 45 
f 88 72 84 
f 75 86 84 
f 84 72 75 
f 1 11 62 
f 59 54 76 
f 75 79 86 
f 28 39 87 
f 86 79 81 
f 79 58 81 
f 25 1 44 
f 96 40 99 
f 40 100 99 
f 100 5 102 
f 85 73 76 
f 93 91 53 
f 93 96 91 
f 27 52 30 
f 93 17 96 
f 88 95 89 
f 27 24 52 
f 100 102 97 
f 80 101 69 
f 29 69 101 
f 78 70 101 
f 99 95 90 
f 34 24 27 
f 96 99 90 
f 82 94 67 
f 101 98 29 
f 94 66 67 
f 70 98 101 
f 88 91 90 
f 72 89 82 
f 94 82 89 
f 92 94 89 
f 101 80 78 
f 40 7 8 
f 40 8 100 
f 102 66 94 
f 53 91 88 
f 43 66 102 
f 8 5 100 
f 97 92 89 
f 96 90 91 
c 1 20 5.15859 
c 1 26 3.1225 
c 1 42 3.43898 
c 1 44 1.11725 
c 1 54 3.02764 
c 1 55 4.32322 
c 1 59 3.38086 
c 1 62 0.869336 
c 1 63 3.92019 
c 1 64 4.4555 
c 1 68 5.33618 
c 1 76 3.26545 
c 1 81 4.53519 
c 2 9 4.98567 
c 2 16 4.10848 
c 2 18 1.36077 
c 2 26 1.59712 
c 2 33 2.0764 
c 2 35 1.12528 
c 2 42 2.90218 
c 2 44 3.51148 
c 2 46 1.72615 
c 2 49 2.14918 
c 2 55 3.01992 
c 2 62 4.53128 
c 2 63 2.34197 
c 2 64 0.978269 
c 3 10 0.837985 
c 3 21 1.198 
c 3 22 1.0003 
c 3 27 1.53117 
c 3 28 1.25448 
c 3 30 0.925507 
c 3 34 2.12742 
c 3 61 2.45502 
c 3 69 1.88075 
c 3 80 1.66726 
c 3 83 2.07738 
c 4 5 1.15786 
c 4 8 1.76079 
c 4 14 0.838405 
c 4 29 1.79143 
c 4 31 2.66926 
c 4 43 0.566158 
c 4 66 1.28943 
c 4 69 2.22216 
c 4 71 1.27537 
c 4 98 1.18446 
c 4 101 1.66479 
c 5 8 0.855501 
c 5 12 1.16876 
c 5 14 0.74673 
c 5 40 2.915 
c 5 43 1.14564 
c 5 66 1.68815 
c 5 71 1.45707 
c 5 94 1.57016 
c 5 96 3.00395 
c 5 100 0.850918 
c 5 102 0.492988 
c 6 11 0.728343 
c 6 16 1.08441 
c 6 18 2.68698 
c 6 19 1.45223 
c 6 25 0.830083 
c 6 38 1.82482 
c 6 41 0.672216 
c 6 44 2.48385 
c 6 61 1.43 
c 6 62 2.72598 
c 7 8 0.839935 
c 7 12 0.908176 
c 7 14 1.4661 
c 7 15 1.07483 
c 7 31 1.6822 
c 7 40 1.89264 
c 7 95 1.85585 
c 7 99 1.63074 
c 7 100 0.770456 
c 8 9 5.40132 
c 8 12 1.23843 
c 8 14 1.24652 
c 8 15 1.77015 
c 8 24 4.39684 
c 8 29 2.96458 
c 8 31 2.16366 
c 8 40 2.4055 
c 8 43 1.8136 
c 8 96 2.77307 
c 8 98 1.93204 
c 8 100 0.659109 
c 9 16 1.66585 
c 9 18 3.72311 
c 9 19 1.72366 
c 9 24 1.0104 
c 9 27 1.63682 
c 9 31 3.85145 
c 9 33 4.07255 
c 9 34 1.64494 
c 9 35 4.74854 
c 9 37 2.77229 
c 9 43 5.01104 
c 9 50 0.934261 
c 9 52 1.19961 
c 10 13 1.47184 
c 10 16 2.53625 
c 10 21 1.22603 
c 10 22 1.76348 
c 10 25 1.94511 
c 10 28 1.84371 
c 10 30 1.01692 
c 10 34 2.47073 
c 10 41 2.18257 
c 10 51 1.57539 
c 10 59 4.04602 
c 10 61 2.53103 
c 10 73 2.21889 
c 10 83 1.96877 
c 10 85 1.44016 
c 11 13 0.828849 
c 11 16 1.51986 
c 11 19 1.42756 
c 11 25 0.583124 
c 11 36 0.43572 
c 11 41 0.905625 
c 11 51 1.57673 
c 11 62 2.82862 
c 11 73 1.97278 
c 11 85 0.958534 
c 12 14 0.864992 
c 12 15 1.78304 
c 12 31 1.73317 
c 12 32 1.87089 
c 12 33 2.50325 
c 12 35 3.16667 
c 12 42 4.24809 
c 12 49 2.79753 
c 12 55 4.28435 
c 12 58 3.75792 
c 12 70 2.00913 
c 12 71 1.53233 
c 12 77 2.31836 
c 12 95 1.73857 
c 12 97 1.36416 
c 12 98 1.21524 
c 12 100 0.995141 
c 12 102 1.03523 
c 13 36 0.469171 
c 13 51 1.21612 
c 13 59 3.0305 
c 13 73 1.58763 
c 13 85 0.840167 
c 14 31 2.13027 
c 14 43 1.18604 
c 14 71 1.10558 
c 14 98 0.897995 
c 14 102 0.880576 
c 15 17 2.77295 
c 15 31 1.51385 
c 15 33 1.77028 
c 15 40 1.71278 
c 15 47 2.27923 
c 15 49 1.40811 
c 15 95 2.4157 
c 15 99 1.73747 
c 16 18 2.77621 
c 16 19 0.943545 
c 16 24 2.00537 
c 16 30 2.48535 
c 16 34 1.7638 
c 16 37 2.36954 
c 16 41 1.50798 
c 16 50 1.56126 
c 16 51 1.69122 
c 16 61 1.53448 
c 16 62 3.65311 
c 17 23 1.06029 
c 17 40 1.85152 
c 17 46 1.99013 
c 17 47 0.585364 
c 17 48 1.08492 
c 17 49 2.32009 
c 17 93 1.06891 
c 18 26 1.66907 
c 18 32 2.23375 
c 18 33 1.9941 
c 18 35 1.70104 
c 18 37 1.366 
c 18 38 1.38083 
c 18 42 2.67863 
c 18 44 2.89675 
c 18 61 1.76924 
c 18 62 3.84263 
c 19 25 1.83701 
c 19 36 1.45493 
c 19 41 1.88446 
c 19 50 1.13696 
c 19 51 0.867277 
c 19 59 4.36937 
c 19 62 3.9144 
c 20 23 1.5554 
c 20 35 2.72383 
c 20 46 1.62524 
c 20 48 1.7971 
c 20 55 1.86125 
c 20 57 2.38437 
c 20 63 1.34696 
c 20 64 1.45957 
c 20 65 1.35908 
c 20 68 1.15687 
c 21 28 1.46814 
c 21 34 2.385 
c 21 39 1.11508 
c 21 60 1.60655 
c 21 61 2.02925 
c 21 73 2.06748 
c 21 80 2.29168 
c 21 83 1.14553 
c 21 85 1.23481 
c 22 27 1.28594 
c 22 28 1.45662 
c 22 30 1.24548 
c 22 52 1.72986 
c 22 67 3.04872 
c 22 69 1.01774 
c 22 80 1.12644 
c 23 35 2.72218 
c 23 46 1.37854 
c 23 47 1.20263 
c 23 48 0.610581 
c 23 49 2.2706 
c 23 55 2.88587 
c 23 56 1.64659 
c 23 57 1.39696 
c 23 65 0.751103 
c 23 68 1.93591 
c 23 91 2.42607 
c 23 93 1.55068 
c 23 95 3.14778 
c 24 27 1.09752 
c 24 29 1.79628 
c 24 31 2.91012 
c 24 32 2.30426 
c 24 33 3.26327 
c 24 34 0.940067 
c 24 37 2.06143 
c 24 43 4.0813 
c 24 50 1.67007 
c 24 52 1.18294 
c 25 36 0.879001 
c 25 41 0.506407 
c 25 44 2.49389 
c 25 51 1.9421 
c 25 60 1.79642 
c 25 62 2.83587 
c 25 73 1.85972 
c 25 83 0.950345 
c 25 85 0.68581 
c 26 38 2.00667 
c 26 42 1.70648 
c 26 44 2.1406 
c 26 62 3.31183 
c 26 63 1.4593 
c 26 64 1.45037 
c 27 29 1.48282 
c 27 30 1.31183 
c 27 34 1.11385 
c 27 50 1.73181 
c 27 52 0.873528 
c 27 69 1.28917 
c 28 30 2.12473 
c 28 39 1.52923 
c 28 59 5.10996 
c 28 67 2.76301 
c 28 72 3.56697 
c 28 73 3.18205 
c 28 76 4.10509 
c 28 80 1.05514 
c 28 87 1.24155 
c 29 31 2.34173 
c 29 32 1.87598 
c 29 34 1.7926 
c 29 43 2.31523 
c 29 52 2.07282 
c 29 69 1.03945 
c 29 98 1.2181 
c 29 101 1.71244 
c 30 34 2.0927 
c 30 50 1.52755 
c 30 51 1.6251 
c 30 52 1.31456 
c 30 59 4.97748 
c 30 80 2.28843 
c 31 32 0.906685 
c 31 33 1.04323 
c 31 37 1.87018 
c 31 98 1.77303 
c 32 33 1.35692 
c 32 34 1.82679 
c 32 35 2.19553 
c 32 37 1.12419 
c 32 38 2.42849 
c 32 39 3.51372 
c 32 42 3.70837 
c 32 45 3.38298 
c 32 55 4.12365 
c 32 58 3.52341 
c 32 77 3.32343 
c 32 78 3.29427 
c 32 98 1.5266 
c 33 35 1.07505 
c 33 37 1.70769 
c 33 49 1.38806 
c 34 37 1.36433 
c 34 39 2.97962 
c 34 41 2.17195 
c 34 50 1.96843 
c 34 61 1.3237 
c 34 69 2.09756 
c 34 80 2.86932 
c 34 98 2.46241 
c 34 101 2.92364 
c 35 37 2.16218 
c 35 42 3.40883 
c 35 46 1.60469 
c 35 49 1.15502 
c 35 55 3.44569 
c 35 64 1.83984 
c 35 95 3.72666 
c 36 51 1.38901 
c 36 59 3.01382 
c 36 62 3.03458 
c 36 73 1.74862 
c 36 85 0.939974 
c 37 38 1.49316 
c 37 39 3.20009 
c 37 42 3.22472 
c 37 45 3.31816 
c 37 61 1.29613 
c 38 39 2.42741 
c 38 41 1.39369 
c 38 42 2.15482 
c 38 44 2.3962 
c 38 45 2.69889 
c 38 58 2.34447 
c 38 60 1.34868 
c 38 61 0.854532 
c 38 83 1.30631 
c 39 45 1.27089 
c 39 58 1.4753 
c 39 60 1.34583 
c 39 61 2.50313 
c 39 73 2.60883 
c 39 76 3.30253 
c 39 78 2.0446 
c 39 79 2.01776 
c 39 80 2.34158 
c 39 83 1.63363 
c 39 87 1.38256 
c 39 98 3.49055 
c 39 101 2.85686 
c 40 43 4.05837 
c 40 47 1.36813 
c 40 49 2.35309 
c 40 93 2.12114 
c 40 96 1.02916 
c 40 99 0.553378 
c 40 100 2.06557 
c 41 44 2.36885 
c 41 51 2.15374 
c 41 60 1.6487 
c 41 61 1.12052 
c 41 83 0.826944 
c 41 85 1.10693 
c 42 44 2.60488 
c 42 55 1.17201 
c 42 58 1.48855 
c 42 60 1.79347 
c 42 63 1.51154 
c 42 76 4.28253 
c 42 81 1.46136 
c 43 52 4.25791 
c 43 66 1.21647 
c 43 67 2.25863 
c 43 69 2.65771 
c 43 71 1.49367 
c 43 94 1.66054 
c 43 96 4.1184 
c 43 101 2.01002 
c 44 60 2.52147 
c 44 62 1.26127 
c 44 63 3.14467 
c 44 73 3.3464 
c 44 76 3.42577 
c 45 58 0.787672 
c 45 60 1.77953 
c 45 77 1.76532 
c 45 78 1.5386 
c 45 79 0.90548 
c 45 81 1.69461 
c 45 86 2.24593 
c 45 87 1.45689 
c 45 98 3.29418 
c 46 47 1.99923 
c 46 48 1.71875 
c 46 49 1.52578 
c 46 55 3.08899 
c 46 64 1.50107 
c 47 49 2.01435 
c 47 56 2.0544 
c 47 91 1.78122 
c 47 93 1.24799 
c 47 95 2.46575 
c 47 96 1.6069 
c 47 99 1.63629 
c 48 57 1.18328 
c 48 64 2.78564 
c 48 65 0.842567 
c 48 93 1.46343 
c 49 55 3.84315 
c 49 95 3.14309 
c 49 99 2.50215 
c 50 51 1.17412 
c 50 52 1.26609 
c 51 59 4.08387 
c 51 73 2.74073 
c 51 85 1.84664 
c 52 67 4.50694 
c 52 69 1.84195 
c 53 56 1.50474 
c 53 57 2.13891 
c 53 84 1.23554 
c 53 88 1.03572 
c 53 90 1.11099 
c 53 91 0.705026 
c 53 93 1.86646 
c 53 95 1.59297 
c 53 96 1.26449 
c 54 59 0.67681 
c 54 62 3.13531 
c 54 68 7.11089 
c 54 72 7.29385 
c 54 73 1.99918 
c 54 76 1.00595 
c 54 79 5.4116 
c 54 81 5.24599 
c 54 86 6.90706 
c 55 56 2.49974 
c 55 58 2.18918 
c 55 63 1.06324 
c 55 64 2.47869 
c 55 68 1.28119 
c 55 77 3.4472 
c 55 81 1.48504 
c 55 84 2.60051 
c 55 86 2.67165 
c 55 91 3.54061 
c 55 95 3.74171 
c 56 57 1.09074 
c 56 65 1.1539 
c 56 68 1.53042 
c 56 84 1.37563 
c 56 91 1.85941 
c 56 93 1.53573 
c 57 65 1.04158 
c 57 68 2.14705 
c 57 84 2.38119 
c 57 88 2.87308 
c 57 93 0.918139 
c 58 60 1.35577 
c 58 76 3.87481 
c 58 77 2.39207 
c 58 79 1.19113 
c 58 81 1.23784 
c 59 62 3.32181 
c 59 73 1.95697 
c 59 76 1.28315 
c 60 61 1.76533 
c 60 73 2.58674 
c 60 76 3.17411 
c 60 83 0.975833 
c 60 85 1.8694 
c 61 83 1.2167 
c 62 64 4.62765 
c 62 73 3.42708 
c 62 76 3.38554 
c 63 64 1.62999 
c 63 68 1.49185 
c 65 68 1.38112 
c 65 93 1.61088 
c 66 67 1.0916 
c 66 69 2.56954 
c 66 70 1.26938 
c 66 71 0.858152 
c 66 82 1.88707 
c 66 94 0.782907 
c 66 101 1.40847 
c 66 102 1.64347 
c 67 69 2.68735 
c 67 70 1.31668 
c 67 72 2.3607 
c 67 74 1.17014 
c 67 76 6.6845 
c 67 80 2.01679 
c 67 82 1.52068 
c 67 87 2.27538 
c 67 94 1.37411 
c 67 101 1.45185 
c 68 81 2.53274 
c 68 84 2.22538 
c 68 91 3.05178 
c 69 80 1.34039 
c 69 101 1.36135 
c 70 71 0.743189 
c 70 74 0.626985 
c 70 77 1.40375 
c 70 78 0.999093 
c 70 92 1.27789 
c 70 94 1.07684 
c 70 97 1.70098 
c 70 98 1.76802 
c 70 101 1.0215 
c 71 92 1.33026 
c 71 94 0.686396 
c 71 97 1.34351 
c 71 98 1.41836 
c 71 101 1.23429 
c 71 102 1.27879 
c 72 74 1.64419 
c 72 75 1.04144 
c 72 76 6.35175 
c 72 77 1.45505 
c 72 78 1.79356 
c 72 79 2.19141 
c 72 82 0.9657 
c 72 86 1.94253 
c 72 87 2.38802 
c 72 88 2.6591 
c 72 89 1.05037 
c 72 92 1.49108 
c 72 96 3.98212 
c 73 76 1.21374 
c 73 85 1.37837 
c 74 77 1.21053 
c 74 78 0.785451 
c 74 80 2.05711 
c 74 82 0.888706 
c 74 87 1.58279 
c 74 89 1.18436 
c 74 92 1.04832 
c 74 94 1.21603 
c 74 101 1.46875 
c 75 77 0.939643 
c 75 78 1.69444 
c 75 79 1.46311 
c 75 86 1.03046 
c 75 88 2.00025 
c 75 89 1.0694 
c 76 79 4.55655 
c 76 81 4.55881 
c 76 87 4.47596 
c 77 78 1.12337 
c 77 79 1.79283 
c 77 81 2.69476 
c 77 82 1.24255 
c 77 86 1.72101 
c 77 88 2.38052 
c 77 89 0.760949 
c 77 92 1.13225 
c 77 95 2.00696 
c 77 97 1.56104 
c 77 98 2.66788 
c 78 79 1.90322 
c 78 80 1.90281 
c 78 82 1.41995 
c 78 87 0.930762 
c 78 98 2.51359 
c 78 101 1.64963 
c 79 81 1.30925 
c 79 86 1.60171 
c 79 87 1.96239 
c 80 87 1.58537 
c 80 101 1.15702 
c 81 84 2.65125 
c 81 86 1.90434 
c 82 87 2.20207 
c 82 89 0.70026 
c 82 92 0.713855 
c 82 94 1.37208 
c 83 85 1.07031 
c 84 86 1.4993 
c 84 88 0.833352 
c 84 91 1.84716 
c 84 95 2.41139 
c 86 88 1.40637 
c 86 95 2.53728 
c 87 101 1.93558 
c 88 89 2.34592 
c 88 90 1.71574 
c 88 92 2.74549 
c 88 93 2.815 
c 88 95 1.94821 
c 88 96 2.15881 
c 89 90 2.44221 
c 89 92 0.606352 
c 89 95 2.02538 
c 89 97 1.42833 
c 90 91 0.569663 
c 90 92 2.48414 
c 90 94 2.83176 
c 90 95 0.609003 
c 90 96 0.704257 
c 90 97 1.67559 
c 90 99 1.10717 
c 90 100 2.0352 
c 90 102 2.27777 
c 91 93 1.8314 
c 91 95 1.12133 
c 91 96 0.60314 
c 91 99 1.25416 
c 92 94 0.903036 
c 92 95 2.00284 
c 92 96 3.15491 
c 92 97 1.12238 
c 92 102 1.82612 
c 93 96 1.85505 
c 94 96 3.41507 
c 94 97 1.17547 
c 94 102 1.30047 
c 95 97 1.11089 
c 95 99 1.27149 
c 95 100 1.62193 
c 96 99 0.751897 
c 96 100 2.23099 
c 96 102 2.65964 
c 97 100 1.37764 
c 97 102 0.993425 
c 98 101 1.59719 
c 99 100 1.68526 
c 100 102 0.759727 
v 1 44 42 63 0.551249 
v 1 55 68 63 0.201239 
v 1 62 44 26 0.132333 
v 1 76 54 81 0.98842 
v 2 35 46 49 0.000626885 
v 3 21 80 28 0.155045 
v 3 22 30 10 0.0316974 
v 3 27 69 34 0.300442 
v 3 30 34 10 0.233004 
v 3 61 21 83 0.0892645 
v 3 69 80 34 0.455088 
v 4 14 43 71 0.0789654 
v 4 14 98 8 0.109621 
v 4 29 98 101 0.341321 
v 4 43 66 71 0.0569806 
v 4 69 29 101 0.227937 
v 5 14 4 8 0.0738212 
v 5 40 43 96 0.00453031 
v 5 66 94 43 0.0141238 
v 5 100 8 96 0.0150345 
v 6 16 18 62 0.777732 
v 6 18 38 44 0.872491 
v 6 19 16 62 0.264125 
v 6 25 11 62 0.188376 
v 6 38 41 44 0.305754 
v 7 12 31 15 0.132825 
v 7 31 14 8 0.246576 
v 7 40 15 8 0.175318 
v 7 99 100 95 0.213295 
v 7 100 12 95 0.172993 
v 8 40 5 96 0.0020272 
v 8 100 40 96 0.014789 
v 9 18 16 2 0.236277 
v 9 24 31 8 0.107729 
v 9 24 34 16 0.0764906 
v 9 34 50 16 0.336004 
v 9 35 33 2 0.0244509 
v 9 43 24 8 0.14886 
v 10 3 21 83 0.148386 
v 10 16 34 41 0.885653 
v 10 34 61 41 0.227626 
v 10 51 41 25 0.218798 
v 10 61 3 83 0.298962 
v 10 85 41 83 0.174395 
v 11 19 6 62 0.300013 
v 11 25 73 62 0.508588 
v 11 36 19 62 0.194901 
v 11 73 36 62 0.277231 
v 12 14 5 8 0.0731492 
v 12 14 71 102 0.12683 
v 12 31 14 7 0.197437 
v 12 32 58 77 0.461033 
v 12 33 31 15 0.299857 
v 12 35 49 95 0.814872 
v 12 49 15 95 0.611954 
v 12 55 35 95 2.26803 
v 12 58 55 77 1.87528 
v 12 70 98 77 0.273207 
v 12 95 97 77 0.379436 
v 12 98 32 77 0.68623 
v 12 100 5 102 0.0578105 
v 13 51 59 73 0.222204 
v 13 51 85 11 0.106021 
v 13 73 85 10 0.259671 
v 14 4 98 71 0.136574 
v 14 5 4 43 0.0116509 
v 14 12 5 102 0.0423911 
v 14 12 7 8 0.0264574 
v 14 31 98 8 0.0747199 
v 15 7 12 95 0.219953 
v 15 47 40 99 0.202407 
v 15 49 99 95 0.475512 
v 16 9 24 37 0.137749 
v 16 18 61 6 0.394969 
v 16 24 34 37 0.300898 
v 16 30 51 10 0.424206 
v 16 34 30 10 0.558796 
v 16 50 19 51 0.0953096 
v 16 61 34 41 0.223452 
v 17 40 49 47 0.145313 
v 17 46 23 47 0.132834 
v 18 6 62 44 0.790704 
v 18 9 16 37 0.381523 
v 18 16 61 37 0.402626 
v 18 33 9 37 0.656657 
v 18 35 37 32 0.0909884 
v 18 38 42 37 0.496164 
v 18 42 35 32 1.52593 
v 18 61 38 37 0.157112 
v 19 6 16 11 0.0330649 
v 19 16 51 41 0.101958 
v 19 36 51 59 0.250058 
v 20 1 63 64 0.265678 
v 20 46 23 48 0.182964 
v 20 55 68 23 0.295988 
v 20 63 55 64 0.230879 
v 20 64 46 48 0.0927586 
v 21 3 80 34 0.677932 
v 21 39 61 34 0.454666 
v 21 80 39 34 0.867657 
v 21 85 10 83 0.146946 
v 22 3 28 10 0.0654287 
v 22 27 3 30 0.165442 
v 22 28 30 10 0.0139072 
v 22 67 69 52 0.00356181 
v 23 17 47 93 0.110173 
v 23 47 91 56 0.201366 
v 23 48 17 93 0.108437 
v 23 49 55 95 3.05131 
v 23 55 68 91 0.782573 
v 23 65 48 57 0.0643554 
v 23 68 65 56 0.138793 
v 24 27 29 52 0.187637 
v 24 29 34 32 0.378006 
v 24 33 9 31 0.0947355 
v 24 34 50 9 0.0867874 
v 24 37 31 32 0.232867 
v 25 19 41 11 0.0420934 
v 25 41 6 11 0.0054122 
v 25 51 19 11 0.0956157 
v 25 60 73 44 1.28354 
v 25 73 36 11 0.0280462 
v 25 85 51 11 0.0718537 
v 26 18 42 2 0.476338 
v 26 44 18 2 0.324904 
v 26 62 44 2 0.141738 
v 26 64 62 2 0.379971 
v 27 3 69 22 0.101967 
v 27 29 34 24 0.231909 
v 27 30 52 50 0.196591 
v 28 3 21 10 0.138953 
v 28 21 39 73 0.420876 
v 28 39 76 73 0.50051 
v 28 72 67 76 0.173962 
v 28 80 22 30 0.000692881 
v 28 87 72 76 0.415737 
v 29 4 98 31 0.314504 
v 29 31 24 8 0.313786 
v 29 43 4 8 0.0808048 
v 29 43 24 52 0.155897 
v 29 69 27 34 0.134126 
v 29 69 43 52 0.259099 
v 30 22 27 52 0.163307 
v 30 27 3 34 0.1917 
v 30 50 16 51 0.393268 
v 31 4 98 8 0.259997 
v 31 7 15 8 0.157486 
v 31 14 98 12 0.155698 
v 31 29 4 8 0.103176 
v 31 29 24 32 0.412051 
v 31 37 33 32 0.0525989 
v 31 98 32 12 0.224227 
v 32 35 33 12 0.347208 
v 32 42 55 12 0.941859 
v 32 58 42 12 1.43448 
v 32 98 45 77 0.895556 
v 33 18 9 2 0.405227 
v 33 24 9 37 0.329915 
v 33 31 32 12 0.215477 
v 33 35 18 2 0.0296685 
v 33 35 49 12 0.388636 
v 34 27 24 50 0.246908 
v 34 29 98 32 0.237033 
v 34 30 27 50 0.277045 
v 34 39 61 37 0.594795 
v 34 61 3 10 0.31881 
v 34 98 39 32 1.30906 
v 35 33 18 37 0.10403 
v 35 42 55 32 1.1674 
v 35 49 55 23 0.730918 
v 35 55 20 46 0.296958 
v 35 64 2 46 0.0787934 
v 36 19 51 11 0.0450656 
v 36 51 13 11 0.0297697 
v 36 85 25 11 0.00575173 
v 37 24 34 32 0.185625 
v 37 33 24 31 0.393433 
v 37 34 39 32 0.75472 
v 37 35 33 32 0.170626 
v 37 38 42 32 0.218754 
v 37 45 38 32 0.123926 
v 38 18 42 26 0.377121 
v 38 45 39 60 0.299002 
v 38 58 42 32 1.16728 
v 38 60 44 42 0.902376 
v 38 61 6 41 0.0879962 
v 38 61 39 37 0.409874 
v 39 21 61 83 0.216601 
v 39 45 37 32 0.61323 
v 39 45 79 58 0.106052 
v 39 78 98 101 0.864137 
v 39 80 101 34 1.128 
v 39 87 28 76 0.519441 
v 39 87 78 101 0.286482 
v 40 5 43 8 0.00290268 
v 40 7 15 99 0.0800575 
v 40 17 49 15 0.0356177 
v 41 16 6 11 0.0733033 
v 41 19 16 11 0.0826422 
v 41 25 6 44 0.132836 
v 41 38 61 83 0.1201 
v 41 60 25 44 0.313257 
v 42 18 35 2 0.635515 
v 42 18 37 32 0.533673 
v 42 35 55 2 0.599844 
v 42 55 1 63 0.366061 
v 42 58 55 12 0.955323 
v 42 63 26 2 0.455764 
v 43 4 66 101 0.0654653 
v 43 5 4 8 0.0691996 
v 43 5 66 71 0.13135 
v 43 14 5 71 0.143681 
v 43 29 24 8 0.255366 
v 43 66 67 69 0.175646 
v 43 69 4 101 0.146914 
v 44 18 38 26 0.611327 
v 44 38 42 26 1.08488 
v 44 76 1 42 1.1504 
v 45 38 39 37 0.724218 
v 45 58 32 77 0.512319 
v 45 78 79 77 0.211342 
v 45 81 77 86 0.250452 
v 45 87 39 79 0.170933 
v 45 98 78 77 0.681581 
v 46 35 55 23 0.732537 
v 46 49 23 47 0.11922 
v 46 55 20 23 0.501017 
v 47 17 40 93 0.0919961 
v 47 23 91 95 0.328169 
v 47 23 93 56 0.289296 
v 47 40 49 15 0.0631737 
v 47 49 23 95 0.907706 
v 47 93 91 56 0.476712 
v 48 46 23 17 0.127677 
v 48 65 20 57 0.0426029 
v 49 33 12 15 0.408445 
v 49 35 46 23 0.247333 
v 49 35 55 95 1.24804 
v 49 46 17 47 0.17516 
v 49 47 15 99 0.171404 
v 50 9 16 19 0.0738356 
v 50 27 24 9 0.0539081 
v 50 34 30 16 0.528351 
v 51 13 85 10 0.138414 
v 51 16 10 41 0.449753 
v 51 19 41 25 0.0824208 
v 51 36 13 59 0.162447 
v 52 24 27 9 0.0896171 
v 52 27 50 9 0.148227 
v 52 43 24 9 0.128409 
v 53 93 57 56 0.0782444 
v 53 95 91 84 0.0738398 
v 53 96 93 91 0.0550548 
v 54 59 62 1 0.0282094 
v 54 73 76 62 0.422227 
v 54 76 72 79 0.141075 
v 55 1 68 81 0.232904 
v 55 35 20 64 0.774577 
v 55 35 32 12 2.19313 
v 55 58 81 77 0.687919 
v 55 91 95 84 0.810633 
v 55 95 77 86 1.4942 
v 56 53 91 84 0.112157 
v 56 55 68 84 0.183475 
v 56 91 55 84 0.877135 
v 57 53 56 84 0.12494 
v 57 65 68 56 0.118326 
v 57 93 65 56 0.148201 
v 58 38 45 32 0.430552 
v 58 45 79 81 0.0492949 
v 58 55 81 42 0.162494 
v 58 60 38 42 0.324284 
v 58 79 76 81 0.726934 
v 59 19 36 62 0.862249 
v 59 36 13 73 0.181586 
v 59 51 30 10 0.111032 
v 59 73 54 62 0.661256 
v 60 38 45 58 0.195373 
v 60 39 76 58 0.784657 
v 60 41 38 44 0.681462 
v 60 45 39 58 0.0990822 
v 60 73 85 25 0.229253 
v 60 76 44 42 1.76115 
v 60 83 41 25 0.0454442 
v 61 3 21 34 0.12896 
v 61 10 41 83 0.287163 
v 61 16 6 41 0.0670381 
v 61 16 34 37 0.30508 
v 61 18 38 6 0.25126 
v 61 38 39 60 0.133451 
v 61 39 83 60 0.225236 
v 62 6 25 44 0.412485 
v 62 16 18 2 0.532366 
v 62 18 44 2 0.52567 
v 62 25 73 44 0.922079 
v 62 73 76 44 0.806377 
v 62 76 1 44 0.516312 
v 63 1 44 26 0.21782 
v 63 42 55 2 0.393783 
v 63 44 42 26 0.541096 
v 63 55 68 20 0.107606 
v 63 64 26 2 0.170929 
v 64 1 63 26 0.476115 
v 64 35 20 46 0.337504 
v 64 55 35 2 0.343474 
v 64 62 1 26 0.304176 
v 64 63 55 2 0.139945 
v 65 20 23 48 0.0916054 
v 65 68 20 57 0.0542762 
v 65 93 23 56 0.143396 
v 66 4 71 101 0.210752 
v 66 5 94 102 0.00487701 
v 66 67 70 94 0.13306 
v 66 82 67 94 0.00589962 
v 67 43 69 52 0.00555273 
v 67 66 70 101 0.208927 
v 67 69 80 22 0.0722501 
v 67 82 74 94 0.193171 
v 68 1 54 81 0.397553 
v 68 1 63 20 0.0617215 
v 68 20 23 65 0.107817 
v 68 23 91 56 0.571115 
v 68 55 81 84 0.160115 
v 68 57 56 84 0.0640704 
v 69 3 80 22 0.125369 
v 69 27 22 52 0.157959 
v 69 29 27 52 0.16301 
v 69 43 4 29 0.0675986 
v 69 43 66 101 0.124565 
v 69 66 67 101 0.173805 
v 69 67 80 101 0.180498 
v 70 66 94 71 0.0609357 
v 70 74 67 101 0.0747187 
v 70 78 74 101 0.0692911 
v 70 78 98 77 0.256762 
v 70 98 71 12 0.173753 
v 71 4 98 101 0.280093 
v 71 5 66 102 0.0784013 
v 71 12 102 97 0.205305 
v 71 14 5 102 0.0501192 
v 71 66 94 102 0.0997216 
v 71 70 12 97 0.183577 
v 71 70 66 101 0.0986459 
v 71 92 70 97 0.114177 
v 71 94 92 97 0.0973086 
v 72 54 79 86 0.257633 
v 72 78 82 77 0.205717 
v 72 87 67 82 0.282611 
v 72 87 78 79 0.407173 
v 72 89 75 77 0.0707814 
v 72 92 96 88 0.01386 
v 73 13 51 10 0.14562 
v 73 21 39 60 0.477301 
v 73 28 21 10 0.472793 
v 73 36 13 85 0.0868392 
v 73 39 76 60 0.616905 
v 73 51 59 10 0.330169 
v 73 59 28 10 0.229527 
v 73 59 36 62 1.33042 
v 73 76 59 54 0.0733632 
v 73 85 21 60 0.43139 
v 74 70 67 94 0.12206 
v 74 78 80 101 0.163635 
v 74 80 67 101 0.294309 
v 74 82 92 94 0.0668132 
v 74 92 70 94 0.0629616 
v 75 72 79 86 0.138152 
v 75 78 72 77 0.154563 
v 75 79 77 86 0.19614 
v 76 39 87 79 0.845634 
v 76 54 62 1 0.438445 
v 76 58 81 42 0.953038 
v 76 59 28 73 0.150052 
v 76 60 58 42 0.926966 
v 76 73 60 44 1.1127 
v 76 87 72 79 1.21749 
v 77 75 86 88 0.172161 
v 77 89 75 88 0.226208 
v 77 95 89 88 0.465944 
v 78 39 98 32 0.755992 
v 78 45 39 32 1.05018 
v 78 70 74 77 0.0892861 
v 78 70 98 101 0.210082 
v 78 72 79 75 0.318875 
v 78 72 82 74 0.0185702 
v 78 80 87 74 0.103547 
v 78 87 45 79 0.182384 
v 79 45 77 86 0.190713 
v 79 54 76 81 0.081279 
v 79 76 39 58 0.825744 
v 79 78 75 77 0.203147 
v 80 3 28 22 0.0364224 
v 80 21 39 28 0.198738 
v 80 69 101 34 0.446832 
v 80 78 87 101 0.0369808 
v 80 87 39 101 0.361252 
v 80 87 67 28 0.152226 
v 81 1 76 42 1.39108 
v 81 45 79 86 0.255885 
v 81 55 1 42 0.537773 
v 81 55 77 86 0.769237 
v 81 58 45 77 0.141191 
v 81 79 54 86 0.178198 
v 82 72 87 74 0.0385489 
v 82 74 92 89 0.0546963 
v 82 78 74 77 0.0878913 
v 82 87 67 74 0.201028 
v 83 21 85 60 0.135256 
v 83 38 61 60 0.065778 
v 83 39 21 60 0.0219924 
v 83 41 38 60 0.097408 
v 83 85 41 25 0.0161288 
v 84 53 95 88 0.180514 
v 84 57 53 88 0.0672467 
v 85 10 41 25 0.0378944 
v 85 36 13 11 0.0138322 
v 85 51 10 25 0.153719 
v 85 73 21 10 0.317411 
v 85 73 36 25 0.105669 
v 85 83 60 25 0.0684724 
v 86 55 95 84 1.45881 
v 86 75 72 88 0.151325 
v 86 81 55 84 0.231073 
v 86 95 77 88 0.251519 
v 87 45 39 78 0.116892 
v 87 72 67 28 0.187 
v 87 72 78 74 0.135996 
v 87 80 39 28 0.181955 
v 87 80 67 74 0.290172 
v 89 72 75 88 0.275655 
v 89 72 82 77 0.0743156 
v 89 74 92 77 0.0624465 
v 89 82 74 77 0.0345033 
v 89 90 92 88 0.133319 
v 89 92 72 88 0.120409 
v 89 92 97 77 0.067822 
v 90 53 96 88 0.0162203 
v 90 92 95 89 0.0733953 
v 90 95 53 88 0.0501258 
v 91 23 55 95 1.02963 
v 91 53 96 90 0.0158453 
v 91 55 68 56 0.244747 
v 91 96 99 90 0.0246246 
v 91 99 47 95 0.214499 
v 92 72 82 89 0.0186544 
v 92 74 70 77 0.113749 
v 92 94 96 90 0.0199578 
v 92 95 97 90 0.0437734 
v 93 23 48 57 0.106007 
v 93 53 57 88 0.0471383 
v 93 53 91 56 0.202702 
v 93 65 23 57 0.0464331 
v 93 96 47 91 0.177079 
v 94 5 43 96 0.0472828 
v 94 71 102 97 0.118396 
v 94 92 70 71 0.0478643 
v 94 102 92 97 0.0120376 
v 94 102 96 90 0.0408872 
v 95 12 55 77 1.87727 
v 95 53 91 90 0.0205031 
v 95 86 84 88 0.341218 
v 95 90 89 88 0.118815 
v 95 91 99 90 0.0374951 
v 95 92 97 89 0.0371202 
v 95 99 100 90 0.0708596 
v 95 100 12 97 0.229708 
v 96 47 40 93 0.199925 
v 96 92 90 88 0.0312795 
v 96 99 47 91 0.083878 
v 96 100 99 90 0.040106 
v 96 102 100 90 0.0340285 
v 97 70 12 77 0.410541 
v 97 92 70 77 0.255593 
v 97 95 89 77 0.18656 
v 97 95 100 90 0.068167 
v 97 102 92 90 0.0663144 
v 98 14 71 12 0.140112 
v 98 29 31 32 0.238823 
v 98 39 101 34 1.37431 
v 98 45 78 32 0.0169535 
v 98 70 71 101 0.145309 
v 99 7 15 95 0.241651 
v 99 40 7 100 0.0769624 
v 99 47 40 96 0.0740453 
v 99 49 47 95 0.627178 
v 100 7 12 8 0.0663745 
v 100 12 5 8 0.0828428 
v 100 40 7 8 0.12078 
v 100 99 40 96 0.022121 
v 100 102 97 90 0.0434554 
v 101 29 98 34 0.505767 
v 101 69 29 34 0.372881 
v 102 5 94 96 0.0163772 
v 102 12 100 97 0.112682 
v 102 94 92 90 0.0258337 
v 102 100 5 96 0.0178479 
