x -4.5694 7.576 0.84745 
x -0.5363 9.0195 -1.4639 
x 0.8798 6.0822 1.68595 
x -4.274 5.47195 0.24685 
x -3.1318 7.8052 0.237 
x -2.9865 2.31615 2.17875 
x -1.956 1.7886 2.159 
x -0.75905 8.04615 -0.41495 
x -2.5964 7.6977 0.6289 
x -0.79895 2.4961 2.44755 
x -1.3798 2.2037 2.68735 
x 0.82305 2.52495 2.3737 
x -3.96795 6.6831 2.6835 
x -4.44045 6.24835 -0.02095 
x -3.16 7.66545 -0.1013 
x -1.3853 2.7431 1.7995 
x -3.87675 7.59105 -0.17565 
x -2.18795 2.47515 1.97885 
x 0.01205 2.8599 2.79605 
x -2.91625 7.641 1.65615 
x -1.5244 8.86655 -0.2047 
x 2.4721 2.8231 1.64135 
x -4.47495 5.6649 2.2301 
x -0.4408 6.37245 1.53275 
x -3.8348 7.80305 1.38005 
x -1.47945 5.942 1.5059 
x 2.20645 4.96925 0.17435 
x -0.17605 3.6775 2.9115 
x 0.6507 4.15215 2.74425 
x -3.39175 5.81655 -0.4867 
x -4.559 4.7017 0.8179 
x 2.34815 3.6608 1.0033 
x -3.6949 5.64695 2.52545 
x -2.8244 7.3293 -0.07915 
x -0.39735 6.41415 -0.1872 
x -3.93175 5.3501 1.7343 
x -2.09425 4.60015 2.2067 
x -4.0752 4.51845 -0.54375 
x -3.26195 3.7016 2.04635 
x -4.7541 5.92955 0.89235 
x -1.1155 4.10015 2.8433 
x -1.5599 4.54195 2.2076 
x -0.35345 4.8085 2.7668 
x -2.8997 5.75385 1.84615 
x -3.28415 4.5056 2.25075 
x 0.7129 5.02025 2.385 
x -3.5166 7.8695 -0.0381 
x -1.82145 5.2171 2.03885 
x -1.3995 6.3231 0.5402 
x -0.08275 5.1963 2.24645 
x -2.75685 5.09895 -1.0571 
x 0.8677 1.80875 2.16445 
x -1.30235 1.8044 2.7272 
x -2.47495 7.1591 0.24545 
x -0.077 5.6406 -1.01815 
x -3.0971 1.76665 2.25845 
x -0.4414 8.3987 -1.08565 
x -1.8035 4.2646 -1.15785 
x -3.32325 6.06855 2.52855 
x 1.9673 4.7441 1.76605 
x 1.8913 2.75015 1.6423 
x 2.9501 3.5585 1.0028 
x -2.8306 6.9787 1.555 
x 1.4471 3.6812 2.19285 
x -4.42145 6.9996 1.9305 
x -4.54435 6.85325 0.8138 
x -4.6674 5.9729 1.91155 
x 1.0556 1.76375 -0.1181 
x 0.4765 1.67515 -1.0899 
x -3.0944 8.8068 -3.06935 
x 2.4561 2.74615 -0.3173 
x 0.8605 4.9434 -1.11095 
x -1.56085 5.5425 -0.94765 
x 1.9672 2.9118 -0.3948 
x 2.9526 2.70465 0.1836 
x -1.31945 4.87 -1.2979 
x -3.6446 9.08695 -2.7921 
x -2.0201 6.0991 -0.5921 
x -2.1238 6.3966 0.98765 
x -3.98645 8.59795 -2.14605 
x -0.8711 9.38285 -1.0116 
x 1.3663 5.7094 -0.5744 
x 1.5868 5.9877 1.01645 
x 2.53505 3.6544 0.27585 
x 0.60805 6.63725 0.4536 
x -3.22725 1.74275 1.0492 
x -3.69855 1.91325 0.31005 
x 1.93725 4.3438 -0.7609 
x -4.1436 4.0962 1.5226 
x -2.79435 2.71595 0.25375 
x -2.59815 2.32015 0.96395 
x -2.5465 2.76035 0.8728 
x -2.0786 1.74325 -1.56115 
x -3.43745 1.72425 -0.34445 
x -3.67895 7.4457 -1.7268 
x -2.7874 2.4173 -0.23955 
x -1.31995 2.43015 -1.36825 
x -3.28085 7.85645 -2.7973 
x -1.6262 2.63455 -0.50375 
x -2.63785 3.12005 -0.5569 
x -1.4128 3.8126 -1.83825 
x -4.2352 3.8054 0.21735 
x -0.3094 4.5128 -1.91795 
x -2.44795 1.71735 -0.66925 
x -2.48745 6.4456 -0.1724 
x 1.02915 2.24835 -1.12485 
x -3.32495 7.04915 -0.45505 
x -0.3513 2.6265 -1.6598 
x 0.83905 3.1412 -1.4873 
x -3.16205 3.7815 -0.94935 
x 0.49925 1.80845 -0.6402 
x -1.6418 1.8664 -0.8988 
x 0.27145 1.6305 0.4009 
x 0.74095 1.7906 0.18795 
x 1.1391 1.8453 0.57005 
x -1.9121 1.767 -0.3496 
x 2.6183 2.1438 0.8291 
x -2.70465 1.6637 0.7715 
x -2.0575 1.677 -0.07255 
x -0.25725 1.9095 0.77225 
x -2.3792 1.717 0.45125 
x -1.62655 1.9221 -0.021 
x -1.2032 1.84765 0.7829 
x -1.93465 1.76725 0.61545 
x 0.4052 1.74215 0.90675 
x 0.85975 1.6323 1.1242 
x -1.47015 1.7672 0.8549 
x -2.43615 3.33725 1.93915 
x 0.54525 1.83485 1.7734 
x 0.36805 1.9115 1.65915 
x -2.13645 1.69235 1.26895 
x -0.91605 1.9479 2.01825 
x -3.54815 3.09465 0.8186 
x -1.7446 1.7275 1.7485 
x -1.54925 1.9096 1.6195 
x -1.20675 1.7797 2.22195 
f 17 1 25 
f 33 59 13 
f 88 27 32 
f 66 1 17 
f 45 44 36 
f 29 46 43 
f 74 88 84 
f 84 88 32 
f 29 43 28 
f 39 37 45 
f 45 37 44 
f 37 48 44 
f 37 39 128 
f 10 12 19 
f 35 24 85 
f 48 79 44 
f 46 3 50 
f 128 42 37 
f 26 79 48 
f 18 42 128 
f 27 83 60 
f 42 48 37 
f 16 42 18 
f 24 49 26 
f 32 22 62 
f 48 24 26 
f 19 29 28 
f 3 85 24 
f 6 18 91 
f 24 50 3 
f 43 42 41 
f 66 17 14 
f 22 32 61 
f 10 28 41 
f 28 43 41 
f 50 24 48 
f 75 84 62 
f 9 21 5 
f 12 64 19 
f 59 63 13 
f 13 63 20 
f 44 59 33 
f 81 57 2 
f 61 12 52 
f 7 6 56 
f 60 29 64 
f 59 79 63 
f 60 83 3 
f 59 44 79 
f 61 64 12 
f 68 71 75 
f 60 46 29 
f 60 3 46 
f 52 12 10 
f 53 11 7 
f 32 60 61 
f 126 22 61 
f 69 106 68 
f 57 9 8 
f 111 112 93 
f 117 62 22 
f 61 60 64 
f 58 73 76 
f 57 81 9 
f 120 123 112 
f 75 117 68 
f 53 10 11 
f 34 57 8 
f 19 64 29 
f 81 21 9 
f 54 8 9 
f 98 15 107 
f 120 132 123 
f 104 99 93 
f 4 40 14 
f 109 74 106 
f 78 105 49 
f 18 6 7 
f 102 31 38 
f 87 91 90 
f 89 31 102 
f 99 100 58 
f 52 126 61 
f 106 74 68 
f 66 65 1 
f 134 7 56 
f 6 91 86 
f 15 98 70 
f 88 82 27 
f 63 9 20 
f 117 75 62 
f 63 54 9 
f 27 60 32 
f 105 54 79 
f 32 62 84 
f 40 4 36 
f 31 36 4 
f 35 49 24 
f 77 80 47 
f 70 77 47 
f 17 25 47 
f 40 65 66 
f 5 25 9 
f 56 6 86 
f 20 25 13 
f 47 25 5 
f 47 5 15 
f 27 82 83 
f 49 79 26 
f 105 79 49 
f 54 63 79 
f 9 25 20 
f 82 85 83 
f 46 50 43 
f 85 3 83 
f 81 5 21 
f 70 47 15 
f 34 5 2 
f 10 19 28 
f 17 47 80 
f 42 10 41 
f 42 16 10 
f 50 48 42 
f 34 8 54 
f 91 128 92 
f 65 13 25 
f 33 13 23 
f 39 45 89 
f 45 36 89 
f 11 10 16 
f 91 18 128 
f 89 36 31 
f 11 16 18 
f 92 90 91 
f 25 1 65 
f 7 11 18 
f 42 43 50 
f 23 13 67 
f 13 65 67 
f 55 73 35 
f 95 77 98 
f 35 82 55 
f 58 76 101 
f 17 80 77 
f 95 17 77 
f 101 97 99 
f 95 107 17 
f 101 99 58 
f 67 65 40 
f 110 102 38 
f 111 113 120 
f 66 14 40 
f 55 76 73 
f 123 122 112 
f 86 91 87 
f 4 30 38 
f 76 72 103 
f 100 102 110 
f 14 17 107 
f 87 96 94 
f 31 4 38 
f 90 100 96 
f 90 96 87 
f 99 97 93 
f 72 88 103 
f 130 132 120 
f 84 71 74 
f 127 134 131 
f 127 131 124 
f 127 124 119 
f 5 34 15 
f 34 107 15 
f 49 35 78 
f 72 76 55 
f 34 105 107 
f 78 35 73 
f 85 82 35 
f 105 78 30 
f 78 51 30 
f 71 84 75 
f 82 88 72 
f 82 72 55 
f 78 73 51 
f 14 107 30 
f 104 94 96 
f 30 107 105 
f 68 74 71 
f 54 105 34 
f 74 109 88 
f 38 30 51 
f 58 51 73 
f 96 100 99 
f 104 96 99 
f 106 108 109 
f 4 14 30 
f 109 103 88 
f 109 108 103 
f 100 110 58 
f 110 51 58 
f 69 93 106 
f 97 108 106 
f 123 135 127 
f 106 93 97 
f 2 5 81 
f 135 134 127 
f 77 70 98 
f 97 101 108 
f 38 51 110 
f 108 101 103 
f 69 111 93 
f 101 76 103 
f 34 2 57 
f 126 52 129 
f 52 136 129 
f 136 7 134 
f 107 95 98 
f 117 115 68 
f 68 115 114 
f 117 126 115 
f 36 67 40 
f 117 22 126 
f 36 23 67 
f 114 111 69 
f 111 120 112 
f 36 33 23 
f 132 135 123 
f 102 133 89 
f 39 89 133 
f 100 90 133 
f 129 120 113 
f 44 33 36 
f 126 129 125 
f 104 118 94 
f 86 87 94 
f 130 120 129 
f 90 92 133 
f 133 128 39 
f 125 129 113 
f 118 86 94 
f 92 128 133 
f 111 114 113 
f 104 121 118 
f 93 112 104 
f 131 86 118 
f 121 104 112 
f 119 121 112 
f 116 119 112 
f 133 102 100 
f 52 10 53 
f 52 53 136 
f 134 86 131 
f 68 114 69 
f 112 122 116 
f 124 121 119 
f 56 86 134 
f 53 7 136 
f 124 131 121 
f 119 116 122 
f 131 118 121 
f 127 119 122 
f 127 122 123 
f 115 125 114 
f 132 136 135 
f 126 125 115 
f 125 113 114 
f 132 130 129 
f 132 129 136 
f 136 134 135 
c 1 14 1.59167 
c 1 17 1.23561 
c 1 25 0.935335 
c 1 40 1.65739 
c 1 47 1.40667 
c 1 65 1.23577 
c 1 66 0.723966 
c 1 67 1.92661 
c 1 77 4.04778 
c 1 80 3.2164 
c 2 21 1.60789 
c 2 27 5.15859 
c 2 55 3.43898 
c 2 57 0.733125 
c 2 70 3.02764 
c 2 72 4.32322 
c 2 81 0.669843 
c 2 82 3.92019 
c 2 83 4.4555 
c 2 85 3.26519 
c 2 88 5.33618 
c 2 98 3.26545 
c 2 103 4.53519 
c 3 13 4.98567 
c 3 20 4.10375 
c 3 21 4.1361 
c 3 24 1.36077 
c 3 43 2.0764 
c 3 46 1.28229 
c 3 50 1.42319 
c 3 55 2.90218 
c 3 60 1.72615 
c 3 72 3.01992 
c 3 81 4.60833 
c 3 82 2.34197 
c 3 83 0.978269 
c 3 85 1.37863 
c 4 14 0.837985 
c 4 30 1.198 
c 4 31 1.0003 
c 4 36 1.53117 
c 4 38 1.25448 
c 4 40 0.925507 
c 4 44 2.12742 
c 4 63 2.46271 
c 4 66 1.5174 
c 4 79 2.45502 
c 4 89 1.88075 
c 4 102 1.66726 
c 5 9 0.672157 
c 5 15 0.367113 
c 5 17 0.878118 
c 5 21 1.97618 
c 5 25 1.34193 
c 5 34 0.648788 
c 5 47 0.477374 
c 5 54 0.921395 
c 5 63 1.5846 
c 5 66 1.79839 
c 5 107 1.043 
c 6 7 1.15786 
c 6 11 1.68902 
c 6 18 0.838405 
c 6 39 1.41876 
c 6 41 2.66926 
c 6 45 2.21076 
c 6 56 0.566158 
c 6 86 1.28943 
c 6 89 2.22216 
c 6 91 1.27537 
c 6 92 1.4479 
c 6 128 1.18446 
c 6 131 1.39264 
c 6 133 1.66479 
c 7 11 0.885137 
c 7 16 1.16876 
c 7 18 0.74673 
c 7 53 0.866233 
c 7 56 1.14564 
c 7 131 0.913244 
c 7 134 0.465761 
c 7 135 0.686401 
c 7 136 0.751942 
c 8 9 2.1417 
c 8 21 1.1415 
c 8 24 2.58768 
c 8 34 2.21186 
c 8 35 1.68705 
c 8 49 2.07157 
c 8 54 2.0414 
c 8 57 0.821603 
c 8 73 2.68233 
c 8 78 2.32651 
c 8 81 1.4681 
c 8 85 2.1467 
c 8 95 3.25689 
c 8 98 3.47434 
c 9 15 0.922972 
c 9 20 1.07739 
c 9 21 1.79173 
c 9 24 2.68698 
c 9 25 1.45223 
c 9 34 0.830083 
c 9 49 1.82482 
c 9 54 0.672216 
c 9 63 1.19561 
c 9 79 1.43 
c 10 11 0.693101 
c 10 16 0.908176 
c 10 19 0.954737 
c 10 28 1.41385 
c 10 41 1.6822 
c 10 52 1.82492 
c 10 53 0.900036 
c 10 120 1.85585 
c 10 129 1.64274 
c 10 130 1.52487 
c 10 132 0.70607 
c 10 136 0.854649 
c 11 16 1.03887 
c 11 18 1.1085 
c 11 19 1.54261 
c 11 28 1.91608 
c 11 33 4.15233 
c 11 41 1.92112 
c 11 53 0.408689 
c 11 56 1.82321 
c 11 128 1.72064 
c 11 132 0.853342 
c 11 135 1.1205 
c 11 136 0.652931 
c 12 19 0.973803 
c 12 22 1.82882 
c 12 29 1.67773 
c 12 52 0.747477 
c 12 61 1.31408 
c 12 64 1.3263 
c 12 129 0.955914 
c 12 130 1.04591 
c 13 20 1.75473 
c 13 23 1.22448 
c 13 25 1.72366 
c 13 28 4.84398 
c 13 33 1.08312 
c 13 41 3.85145 
c 13 43 4.07255 
c 13 46 4.9764 
c 13 53 5.55959 
c 13 56 5.01104 
c 13 59 0.904057 
c 13 63 1.62925 
c 13 65 0.934261 
c 13 67 1.26076 
c 14 17 1.46442 
c 14 30 1.22603 
c 14 31 1.76348 
c 14 38 1.84371 
c 14 40 1.01692 
c 14 63 2.36826 
c 14 66 1.0361 
c 14 80 3.20044 
c 14 95 2.21889 
c 14 105 1.96877 
c 14 107 1.44016 
c 15 17 0.724427 
c 15 21 2.03188 
c 15 34 0.475515 
c 15 47 0.415685 
c 15 80 2.39449 
c 15 95 1.72042 
c 15 107 0.729502 
c 16 18 0.864992 
c 16 19 1.72027 
c 16 28 1.88996 
c 16 29 2.65015 
c 16 41 1.73317 
c 16 42 1.85281 
c 16 50 2.81329 
c 16 64 3.00953 
c 16 91 1.53233 
c 16 92 1.48575 
c 16 99 2.31836 
c 16 120 1.73857 
c 16 123 1.36692 
c 16 127 1.36083 
c 16 128 1.21524 
c 16 130 1.94563 
c 16 132 0.948889 
c 16 135 0.868333 
c 16 136 1.067 
c 17 25 1.57064 
c 17 47 0.475565 
c 17 66 1.40323 
c 17 80 2.21548 
c 17 95 1.57045 
c 17 107 0.822316 
c 18 91 1.10558 
c 18 92 1.19718 
c 18 128 0.897995 
c 18 131 1.05801 
c 18 134 0.899222 
c 18 135 0.925698 
c 19 28 0.846865 
c 19 29 1.44238 
c 19 52 1.49532 
c 19 53 1.68715 
c 19 64 1.76004 
c 19 120 2.25201 
c 19 129 1.543 
c 19 130 1.52274 
c 20 21 2.62716 
c 20 24 2.7843 
c 20 25 0.972741 
c 20 26 2.23015 
c 20 43 3.97801 
c 20 59 1.84373 
c 20 63 0.675432 
c 20 65 1.659 
c 20 79 1.61969 
c 20 81 3.78597 
c 21 24 3.22699 
c 21 25 2.99673 
c 21 34 2.01715 
c 21 47 2.23399 
c 21 54 2.00538 
c 21 57 1.47236 
c 21 70 3.26721 
c 21 77 3.35238 
c 21 80 3.14685 
c 21 81 1.15951 
c 21 85 3.15444 
c 21 95 2.99628 
c 21 98 3.29044 
c 22 29 2.51003 
c 22 32 1.06029 
c 22 52 1.96892 
c 22 60 1.99013 
c 22 61 0.585364 
c 22 62 1.08492 
c 22 64 1.44607 
c 22 117 1.06891 
c 23 31 1.71147 
c 23 33 0.834285 
c 23 36 0.799989 
c 23 39 2.3151 
c 23 45 1.66205 
c 23 56 4.13469 
c 23 67 0.483089 
c 23 89 1.75248 
c 24 26 1.12463 
c 24 35 1.721 
c 24 43 1.9941 
c 24 48 1.87007 
c 24 49 1.38083 
c 24 50 1.42158 
c 24 59 3.06472 
c 24 63 2.4656 
c 24 79 1.76924 
c 24 85 1.528 
c 25 47 1.45493 
c 25 63 1.31095 
c 25 65 1.13696 
c 25 66 1.31386 
c 25 77 4.36937 
c 25 80 3.61777 
c 25 81 4.12302 
c 26 42 1.56812 
c 26 43 2.03533 
c 26 44 1.47251 
c 26 48 0.962538 
c 26 49 1.04125 
c 26 50 1.74793 
c 26 55 2.90319 
c 26 58 3.16453 
c 26 59 2.11221 
c 26 63 1.70375 
c 26 73 2.48719 
c 26 76 3.00601 
c 26 78 2.17223 
c 26 79 0.943627 
c 27 32 1.5554 
c 27 46 2.66838 
c 27 50 3.09606 
c 27 60 1.62524 
c 27 62 1.7971 
c 27 64 2.51198 
c 27 72 1.86125 
c 27 75 2.38437 
c 27 82 1.34696 
c 27 83 1.45957 
c 27 84 1.35908 
c 27 88 1.15687 
c 28 29 0.967874 
c 28 41 1.0324 
c 28 42 1.77702 
c 28 43 1.15394 
c 28 50 1.66065 
c 28 53 2.1934 
c 28 64 1.77513 
c 28 120 2.77647 
c 28 130 2.2323 
c 29 43 1.19984 
c 29 46 0.941556 
c 29 50 1.36967 
c 29 60 1.74376 
c 29 64 1.07707 
c 30 38 1.46814 
c 30 44 2.385 
c 30 51 1.11508 
c 30 63 2.41537 
c 30 78 1.40441 
c 30 79 2.02925 
c 30 95 2.06748 
c 30 102 2.29168 
c 30 105 1.14553 
c 30 107 1.23481 
c 31 36 1.28594 
c 31 38 1.45662 
c 31 40 1.24548 
c 31 67 1.68041 
c 31 87 2.96205 
c 31 89 1.01774 
c 31 102 1.12644 
c 32 60 1.37854 
c 32 61 1.20263 
c 32 62 0.610581 
c 32 64 1.49243 
c 32 72 2.88587 
c 32 74 1.6312 
c 32 75 1.39696 
c 32 84 0.751103 
c 32 88 1.93591 
c 32 115 2.22386 
c 32 117 1.55068 
c 33 36 0.877574 
c 33 37 1.93894 
c 33 41 3.02439 
c 33 44 1.05129 
c 33 45 1.24373 
c 33 53 4.53103 
c 33 56 3.93515 
c 33 59 0.562032 
c 33 67 1.19535 
c 34 54 0.506407 
c 34 63 1.67135 
c 34 66 1.99555 
c 34 78 1.55673 
c 34 95 1.85972 
c 34 105 0.950345 
c 34 107 0.68581 
c 35 49 1.24165 
c 35 50 2.73949 
c 35 55 1.17961 
c 35 57 2.1789 
c 35 73 1.64067 
c 35 78 1.70192 
c 35 82 1.93831 
c 35 85 1.21294 
c 36 40 1.31183 
c 36 44 1.11385 
c 36 45 1.18291 
c 36 59 1.23178 
c 36 63 1.97409 
c 36 65 1.73181 
c 36 66 1.86603 
c 36 67 0.98004 
c 36 89 1.28917 
c 37 39 1.4821 
c 37 41 1.27012 
c 37 42 0.537511 
c 37 44 1.4525 
c 37 45 1.19446 
c 37 48 0.695141 
c 37 51 3.36753 
c 37 58 3.39372 
c 37 59 1.94171 
c 37 92 2.31704 
c 37 100 3.18177 
c 37 128 1.33544 
c 37 133 2.51141 
c 38 40 2.12473 
c 38 51 1.52923 
c 38 77 5.10996 
c 38 80 4.38378 
c 38 93 3.56697 
c 38 94 2.87298 
c 38 95 3.18205 
c 38 98 4.10509 
c 38 102 1.05514 
c 38 110 1.24155 
c 39 41 2.32405 
c 39 45 0.829872 
c 39 56 1.95351 
c 39 89 1.09879 
c 39 128 0.908949 
c 39 133 1.39917 
c 40 66 0.950467 
c 40 67 1.0238 
c 40 80 4.11601 
c 40 102 2.28843 
c 41 42 0.892633 
c 41 43 1.04323 
c 41 45 2.28441 
c 41 48 1.54696 
c 41 53 2.30627 
c 41 56 3.11673 
c 41 59 2.97453 
c 41 128 1.77303 
c 42 43 1.3562 
c 42 48 0.743446 
c 42 50 1.61606 
c 42 58 3.38563 
c 42 76 3.52902 
c 42 92 2.43499 
c 42 99 3.31572 
c 42 128 1.51366 
c 43 46 1.15226 
c 43 48 1.68875 
c 43 50 0.703158 
c 43 59 3.23484 
c 44 45 1.36734 
c 44 48 1.21978 
c 44 51 2.97962 
c 44 59 0.862613 
c 44 63 1.26087 
c 44 65 1.96843 
c 44 66 2.23143 
c 44 79 1.3237 
c 44 89 2.09756 
c 44 102 2.86932 
c 44 133 2.92364 
c 45 56 2.74534 
c 45 59 1.58793 
c 45 89 1.19853 
c 45 133 2.02769 
c 46 50 0.826589 
c 46 60 1.42579 
c 46 64 1.53916 
c 46 72 3.49991 
c 46 83 1.89013 
c 47 80 2.27922 
c 47 95 1.74862 
c 48 50 1.75117 
c 48 51 3.23633 
c 48 58 3.33564 
c 48 59 1.79449 
c 48 73 3.01546 
c 48 78 2.78196 
c 48 79 1.60862 
c 49 50 2.43204 
c 49 54 1.39369 
c 49 55 2.15482 
c 49 73 1.68792 
c 49 76 2.34447 
c 49 78 1.31051 
c 49 79 0.854532 
c 49 105 1.30631 
c 50 55 3.2947 
c 50 64 2.1538 
c 50 72 3.49654 
c 50 76 3.76807 
c 50 83 2.2196 
c 50 85 2.40164 
c 50 99 4.06305 
c 50 120 3.60649 
c 51 58 1.27089 
c 51 73 1.28029 
c 51 76 1.4753 
c 51 78 1.3264 
c 51 79 2.50313 
c 51 95 2.60883 
c 51 98 3.30253 
c 51 100 2.0446 
c 51 101 2.01776 
c 51 102 2.34158 
c 51 105 1.63363 
c 51 110 1.38256 
c 51 133 2.85686 
c 52 53 2.24183 
c 52 61 1.48547 
c 52 117 2.22711 
c 52 126 1.05514 
c 52 129 0.507519 
c 52 132 1.79513 
c 52 136 2.07545 
c 53 56 1.85534 
c 53 126 2.69702 
c 53 132 0.820018 
c 53 134 1.07673 
c 53 136 0.514808 
c 54 63 1.36892 
c 54 66 2.16771 
c 54 78 1.42547 
c 54 79 1.12052 
c 54 105 0.826944 
c 54 107 1.10693 
c 55 57 2.78289 
c 55 72 1.17201 
c 55 73 1.48876 
c 55 76 1.48855 
c 55 82 1.51154 
c 55 85 1.9049 
c 55 98 4.28253 
c 55 103 1.46136 
c 56 86 1.21647 
c 56 87 2.04438 
c 56 89 2.65771 
c 56 94 2.6254 
c 56 118 1.54131 
c 56 126 4.1184 
c 56 131 1.38112 
c 56 133 2.01002 
c 56 134 1.44597 
c 57 72 3.69252 
c 57 73 3.07085 
c 57 78 2.83267 
c 57 81 1.07642 
c 57 82 3.28047 
c 57 83 3.78752 
c 57 85 2.56385 
c 57 95 3.43526 
c 57 98 3.3595 
c 57 103 3.97623 
c 58 73 1.31761 
c 58 76 0.787672 
c 58 92 2.63408 
c 58 99 1.76532 
c 58 100 1.5386 
c 58 101 0.90548 
c 58 103 1.69461 
c 58 108 2.24593 
c 58 110 1.45689 
c 59 63 1.42087 
c 59 65 1.55903 
c 59 67 1.48209 
c 60 62 1.71875 
c 60 64 1.25798 
c 60 83 1.50107 
c 61 64 1.1693 
c 61 74 2.04491 
c 61 115 1.59194 
c 61 117 1.24799 
c 61 125 1.94051 
c 61 126 1.6069 
c 61 129 1.63304 
c 61 130 1.73894 
c 62 75 1.18328 
c 62 83 2.78564 
c 62 84 0.842567 
c 62 117 1.46343 
c 63 65 1.6347 
c 63 66 1.87138 
c 63 79 1.07717 
c 63 105 1.84007 
c 64 72 3.58502 
c 64 74 2.74926 
c 64 114 2.84476 
c 64 115 2.46959 
c 64 120 2.83934 
c 64 125 2.54942 
c 64 130 2.14033 
c 65 66 1.13293 
c 65 67 1.05592 
c 66 67 1.41252 
c 66 105 2.31724 
c 66 107 1.77068 
c 68 69 1.13473 
c 68 71 1.72226 
c 68 74 1.49184 
c 68 106 1.11762 
c 68 111 0.764272 
c 68 113 0.949741 
c 68 114 0.439764 
c 68 115 0.697978 
c 68 117 1.86646 
c 68 126 1.26449 
c 69 71 2.37966 
c 69 75 2.96863 
c 69 93 2.59909 
c 69 97 1.96843 
c 69 106 0.796995 
c 69 108 1.38387 
c 69 111 0.469592 
c 69 112 2.13548 
c 69 113 1.5055 
c 69 116 2.50238 
c 69 117 2.91367 
c 69 119 2.7306 
c 69 126 2.24743 
c 70 77 0.67681 
c 70 80 1.30071 
c 70 81 3.0837 
c 70 88 7.11089 
c 70 93 7.29385 
c 70 98 1.00595 
c 70 101 5.4116 
c 70 103 5.24599 
c 70 108 6.90706 
c 70 109 7.07629 
c 71 74 0.521986 
c 71 75 0.706495 
c 71 84 1.08765 
c 71 88 1.73737 
c 71 106 1.71351 
c 71 109 2.03465 
c 71 115 1.82576 
c 71 117 1.30513 
c 72 74 2.42179 
c 72 76 2.18918 
c 72 82 1.06324 
c 72 83 2.47869 
c 72 88 1.28119 
c 72 99 3.4472 
c 72 103 1.48504 
c 72 109 1.8412 
c 72 120 3.74171 
c 73 76 0.795742 
c 73 78 0.804444 
c 73 95 2.95222 
c 73 98 3.42549 
c 73 103 1.88889 
c 74 84 1.15051 
c 74 88 1.47836 
c 74 106 1.36128 
c 74 109 1.58711 
c 74 114 1.76079 
c 74 115 1.65955 
c 74 117 1.58483 
c 74 120 2.70459 
c 75 84 1.04158 
c 75 88 2.14705 
c 75 117 0.918139 
c 76 98 3.87481 
c 76 99 2.39207 
c 76 101 1.19113 
c 76 103 1.23784 
c 76 109 2.77196 
c 77 80 0.879411 
c 77 81 3.30908 
c 77 94 7.76165 
c 77 98 1.28315 
c 78 79 1.61086 
c 78 95 2.41923 
c 78 98 3.0888 
c 78 105 0.717375 
c 78 107 1.61988 
c 79 105 1.2167 
c 80 95 1.26412 
c 80 98 1.21319 
c 81 83 4.65632 
c 81 85 3.44572 
c 82 83 1.62999 
c 82 85 1.57881 
c 82 88 1.49185 
c 83 85 1.30256 
c 84 88 1.38112 
c 84 117 1.61088 
c 86 87 0.893049 
c 86 90 1.32938 
c 86 91 0.858152 
c 86 94 1.40953 
c 86 118 0.597057 
c 86 131 1.11386 
c 86 133 1.40847 
c 87 89 2.53646 
c 87 90 1.2104 
c 87 91 1.34314 
c 87 94 0.729565 
c 87 96 1.17742 
c 87 102 1.96896 
c 87 118 1.12385 
c 87 133 1.29497 
c 88 103 2.53274 
c 88 109 1.78324 
c 89 102 1.34039 
c 89 133 1.36135 
c 90 91 0.836383 
c 90 92 0.668299 
c 90 96 0.576702 
c 90 99 1.39463 
c 90 100 0.919208 
c 90 102 1.80673 
c 90 118 1.17616 
c 90 119 1.31485 
c 90 121 1.09966 
c 90 122 1.43856 
c 90 124 1.33039 
c 90 133 1.01523 
c 91 92 0.452495 
c 91 118 0.692319 
c 91 121 0.821334 
c 91 124 0.931334 
c 91 127 1.26096 
c 91 131 0.836854 
c 91 133 1.23429 
c 91 135 1.30326 
c 92 99 1.66062 
c 92 100 1.47708 
c 92 121 1.13766 
c 92 122 1.53227 
c 92 123 1.62652 
c 92 124 1.1945 
c 92 127 1.46465 
c 92 128 1.21741 
c 92 133 1.05735 
c 92 135 1.50859 
c 93 94 1.82406 
c 93 97 1.04144 
c 93 98 6.35175 
c 93 99 1.45505 
c 93 100 1.79356 
c 93 101 2.19141 
c 93 104 0.9657 
c 93 108 1.94253 
c 93 110 2.38802 
c 93 112 0.802912 
c 93 116 1.22317 
c 93 119 1.49022 
c 94 96 0.955975 
c 94 98 6.60643 
c 94 100 1.62258 
c 94 102 2.29852 
c 94 104 1.04147 
c 94 110 2.16195 
c 94 118 1.33642 
c 94 119 1.40728 
c 94 121 1.32404 
c 95 98 1.21374 
c 95 107 1.37837 
c 96 99 1.21053 
c 96 100 0.785451 
c 96 102 2.05711 
c 96 104 0.888706 
c 96 110 1.58279 
c 96 116 1.09597 
c 96 118 1.26372 
c 96 119 1.05294 
c 96 121 1.06501 
c 96 122 1.28084 
c 96 133 1.46875 
c 97 99 0.939643 
c 97 100 1.69444 
c 97 101 1.46311 
c 97 108 1.03046 
c 97 111 2.05574 
c 97 112 0.801115 
c 98 101 4.55655 
c 98 103 4.55881 
c 98 110 4.47596 
c 99 100 1.12337 
c 99 101 1.79283 
c 99 103 2.69476 
c 99 104 1.24255 
c 99 108 1.72101 
c 99 109 2.70213 
c 99 111 2.28442 
c 99 112 0.863923 
c 99 116 0.926361 
c 99 120 2.00696 
c 99 122 0.8606 
c 99 123 1.5664 
c 100 101 1.90322 
c 100 102 1.90281 
c 100 104 1.41995 
c 100 110 0.930762 
c 100 133 1.64963 
c 101 103 1.30925 
c 101 108 1.60171 
c 101 110 1.96239 
c 102 110 1.58537 
c 102 133 1.15702 
c 103 108 1.90434 
c 103 109 1.84002 
c 104 112 0.851344 
c 104 116 0.62592 
c 104 119 0.714234 
c 104 121 1.12261 
c 105 107 1.07031 
c 106 108 1.52801 
c 106 109 0.982186 
c 106 111 0.842135 
c 106 114 1.41987 
c 108 109 1.30828 
c 108 111 1.55956 
c 108 120 2.53728 
c 109 111 1.61532 
c 109 114 2.15411 
c 109 120 2.79724 
c 110 133 1.93558 
c 111 112 2.15739 
c 111 113 1.08049 
c 111 114 0.862885 
c 111 120 1.60547 
c 111 122 2.21706 
c 112 113 2.32495 
c 112 116 0.620132 
c 112 119 0.944123 
c 112 122 0.879698 
c 113 114 0.539824 
c 113 116 2.31296 
c 113 118 2.99927 
c 113 119 2.37704 
c 113 120 0.703751 
c 113 122 1.96607 
c 113 123 1.53872 
c 113 125 0.535013 
c 113 126 0.932343 
c 113 127 1.80499 
c 113 131 2.56034 
c 113 134 2.42691 
c 113 136 2.35023 
c 114 115 0.554541 
c 114 120 1.16273 
c 114 125 0.794826 
c 114 126 0.956941 
c 115 117 1.53109 
c 115 120 1.41237 
c 115 125 0.814012 
c 115 126 0.656116 
c 115 130 1.33605 
c 116 119 0.325573 
c 116 122 0.462139 
c 117 126 1.85505 
c 118 119 1.06367 
c 118 121 0.459694 
c 118 126 3.58195 
c 118 131 0.75573 
c 119 121 0.616001 
c 119 122 0.498447 
c 119 123 1.22096 
c 119 124 0.704685 
c 119 127 1.10149 
c 119 131 1.34391 
c 120 122 1.58253 
c 120 123 0.94803 
c 120 125 0.696374 
c 120 127 1.22401 
c 120 130 1.08517 
c 120 132 1.40997 
c 120 136 1.73782 
c 121 122 0.911904 
c 121 124 0.476562 
c 121 131 0.853328 
c 122 123 0.911605 
c 122 124 0.72386 
c 122 127 0.903137 
c 123 124 0.754667 
c 123 127 0.287956 
c 123 132 1.27224 
c 123 135 0.907462 
c 123 136 1.44066 
c 124 127 0.522586 
c 124 131 0.688037 
c 125 126 0.51572 
c 125 127 1.87623 
c 125 129 0.882774 
c 125 130 0.772117 
c 125 132 1.73881 
c 125 136 2.08076 
c 126 129 0.749265 
c 126 130 0.778391 
c 126 131 3.0003 
c 126 134 2.67982 
c 126 136 2.34461 
c 127 131 0.788033 
c 127 132 1.30118 
c 127 134 0.935639 
c 127 135 0.781759 
c 127 136 1.39225 
c 128 133 1.59719 
c 129 130 0.224339 
c 129 132 1.48598 
c 129 136 1.80935 
c 130 132 1.33386 
c 130 136 1.67753 
c 131 134 0.620282 
c 131 135 0.717556 
c 132 134 0.898797 
c 132 135 0.749273 
c 132 136 0.392799 
c 134 135 0.296586 
c 134 136 0.718444 
c 135 136 0.705072 
v 1 14 80 17 0.406508 
v 1 66 14 17 0.0571207 
v 1 80 25 47 0.183274 
v 2 57 82 83 0.285063 
v 2 57 98 103 0.869937 
v 2 81 57 85 0.0678466 
v 2 103 72 55 0.537773 
v 3 46 83 60 0.0657701 
v 4 14 63 30 0.366652 
v 4 36 89 44 0.300442 
v 4 38 14 30 0.138953 
v 4 44 79 63 0.447297 
v 4 66 36 44 0.397212 
v 4 89 102 44 0.455088 
v 4 102 38 30 0.155045 
v 6 39 128 133 0.237009 
v 6 56 39 89 0.0297162 
v 6 56 131 7 0.0955286 
v 6 86 56 133 0.0654653 
v 6 128 18 92 0.140237 
v 6 131 18 7 0.093116 
v 7 6 56 11 0.0656128 
v 7 18 16 135 0.0463079 
v 7 56 134 53 0.00750747 
v 7 134 18 135 0.0107641 
v 7 136 134 135 0.0109265 
v 8 9 54 49 0.255915 
v 8 35 57 85 0.250656 
v 8 54 78 49 0.526203 
v 8 78 35 49 0.453849 
v 8 81 21 85 0.197593 
v 9 15 34 5 0.00471832 
v 9 21 20 24 0.645892 
v 9 25 21 5 0.184036 
v 9 54 21 8 0.131597 
v 9 79 20 63 0.0549333 
v 10 11 16 132 0.0672292 
v 10 16 28 19 0.061821 
v 10 28 11 19 0.0605112 
v 10 120 16 130 0.0521227 
v 10 132 52 53 0.144378 
v 10 132 130 129 0.0264174 
v 11 7 16 135 0.0621978 
v 11 10 19 53 0.0286839 
v 11 16 41 10 0.165867 
v 11 33 56 53 0.073594 
v 11 136 7 135 0.0377685 
v 12 19 130 129 0.0228168 
v 12 61 22 52 0.0528247 
v 13 33 59 41 0.0691245 
v 13 56 33 53 0.135213 
v 13 59 20 43 0.331282 
v 13 65 20 63 0.157434 
v 14 30 107 105 0.146946 
v 14 38 40 80 0.0348393 
v 14 66 4 63 0.232397 
v 14 107 66 105 0.254797 
v 15 17 107 5 0.0185028 
v 15 21 9 34 0.117115 
v 15 95 21 34 0.261458 
v 15 107 95 34 0.0553756 
v 16 18 91 135 0.114757 
v 16 28 41 10 0.137467 
v 16 41 128 11 0.336343 
v 16 92 99 123 0.339515 
v 16 99 120 123 0.31503 
v 16 120 19 130 0.116733 
v 16 120 132 123 0.16415 
v 16 128 18 11 0.1055 
v 16 132 136 135 0.0348359 
v 17 25 66 5 0.137607 
v 17 95 47 15 0.0432744 
v 17 107 95 15 0.105824 
v 18 6 7 11 0.0751145 
v 18 6 92 91 0.0647096 
v 18 7 16 11 0.0740693 
v 18 131 91 135 0.0601923 
v 18 134 131 135 0.0272357 
v 19 10 16 130 0.148247 
v 19 12 52 129 0.0500271 
v 19 28 11 53 0.0202631 
v 19 28 64 130 0.208452 
v 19 52 10 129 0.0720355 
v 19 64 12 130 0.166242 
v 19 120 28 130 0.102174 
v 20 13 43 3 0.207465 
v 20 25 9 63 0.113503 
v 20 59 63 26 0.156826 
v 20 63 24 26 0.0184192 
v 20 65 25 63 0.0896284 
v 21 8 85 24 0.226148 
v 21 9 8 24 0.510098 
v 21 15 9 5 0.0602312 
v 21 25 47 5 0.128158 
v 21 47 15 5 0.0418744 
v 21 54 34 8 0.1512 
v 21 80 77 70 0.25961 
v 21 81 57 2 0.0368142 
v 21 95 57 8 0.464507 
v 21 98 80 70 0.601601 
v 22 29 64 12 0.0404253 
v 22 32 62 117 0.108437 
v 22 64 32 61 0.106383 
v 23 33 67 13 0.0432128 
v 23 56 33 13 0.0653643 
v 24 21 20 3 0.460867 
v 24 43 50 3 0.0671016 
v 24 48 59 26 0.191584 
v 24 59 20 26 0.396224 
v 24 63 79 26 0.149135 
v 25 1 47 17 0.0342228 
v 25 21 20 9 0.213529 
v 25 66 1 17 0.135154 
v 25 80 21 47 0.511383 
v 26 24 48 43 0.0257257 
v 26 49 24 50 0.179465 
v 26 55 49 50 0.217371 
v 26 76 50 42 1.14126 
v 27 2 88 82 0.0617215 
v 27 46 64 60 0.352884 
v 27 83 50 46 0.32397 
v 27 88 72 82 0.107606 
v 28 13 43 41 0.034606 
v 28 29 64 16 0.160591 
v 28 41 11 53 0.018605 
v 28 50 29 16 0.295282 
v 28 64 120 16 0.239625 
v 29 28 64 19 0.0398783 
v 29 50 46 64 0.095164 
v 30 14 63 105 0.22664 
v 30 78 107 105 0.103214 
v 30 95 14 107 0.317411 
v 30 102 38 51 0.198738 
v 31 14 40 4 0.0316974 
v 31 36 67 23 0.0717585 
v 31 38 14 4 0.0654287 
v 31 40 36 4 0.165442 
v 31 89 102 4 0.125369 
v 31 102 38 4 0.0364224 
v 32 22 61 117 0.110173 
v 32 27 60 62 0.182964 
v 32 61 115 74 0.0857352 
v 32 64 72 74 0.820554 
v 32 84 27 62 0.0916054 
v 32 88 84 74 0.13987 
v 33 37 59 41 0.144555 
v 33 56 41 11 0.114147 
v 33 59 45 44 0.0545919 
v 33 59 67 13 0.0646957 
v 33 67 36 23 0.0373406 
v 34 15 107 5 0.011485 
v 34 54 9 5 0.00737383 
v 34 54 78 8 0.236515 
v 34 63 54 5 0.0435459 
v 34 78 95 8 0.982572 
v 34 95 21 8 0.680102 
v 35 8 49 24 0.466411 
v 35 55 82 85 0.0237724 
v 35 57 73 8 0.324305 
v 35 78 73 49 0.157551 
v 35 85 24 50 0.365091 
v 36 40 67 66 0.140839 
v 36 45 33 23 0.0863175 
v 36 45 89 44 0.125531 
v 36 59 33 44 0.0376736 
v 36 65 44 63 0.145932 
v 36 89 31 4 0.101967 
v 37 39 128 41 0.151518 
v 37 48 41 42 0.0306705 
v 37 58 100 51 0.999696 
v 37 59 45 33 0.0162516 
v 37 92 58 42 0.530043 
v 37 100 133 51 1.22927 
v 37 128 92 42 0.109447 
v 37 133 39 45 0.174297 
v 38 14 40 31 0.0139072 
v 38 93 94 98 0.398691 
v 38 94 77 98 0.0104339 
v 38 95 30 51 0.420876 
v 38 98 95 51 0.50051 
v 38 110 98 51 0.519441 
v 38 110 102 94 0.177535 
v 39 6 128 41 0.218249 
v 39 37 45 41 0.130843 
v 39 56 45 23 0.10461 
v 39 133 89 45 0.0999158 
v 40 14 80 1 0.109894 
v 40 36 67 31 0.135124 
v 40 66 14 1 0.0222755 
v 41 6 128 11 0.232711 
v 41 13 33 53 0.16352 
v 41 28 11 10 0.100833 
v 41 33 11 53 0.0454891 
v 41 48 43 42 0.05817 
v 41 56 6 11 0.069609 
v 41 128 42 16 0.219718 
v 42 28 41 16 0.178475 
v 42 50 28 16 0.458435 
v 42 128 92 16 0.278791 
v 43 13 59 41 0.128767 
v 43 24 20 3 0.334758 
v 43 26 24 50 0.0873051 
v 43 28 41 42 0.0943278 
v 43 48 50 42 0.0920441 
v 43 50 28 42 0.14784 
v 44 4 66 63 0.366739 
v 44 4 79 30 0.12896 
v 44 37 133 51 1.38462 
v 44 48 37 51 0.418916 
v 44 48 79 26 0.0505548 
v 44 59 48 26 0.133039 
v 44 65 59 63 0.211815 
v 44 66 36 63 0.0864508 
v 44 102 30 51 0.867657 
v 44 133 102 51 1.128 
v 45 6 39 41 0.117994 
v 45 36 33 44 0.160227 
v 45 36 89 23 0.155244 
v 45 37 33 41 0.186383 
v 45 37 133 44 0.455817 
v 45 56 6 41 0.116374 
v 45 56 33 23 0.143667 
v 45 133 89 44 0.318823 
v 46 27 83 60 0.302907 
v 46 29 64 60 0.0495154 
v 46 43 13 3 0.0426785 
v 46 50 43 3 0.0394679 
v 46 50 72 64 0.547596 
v 46 72 27 64 1.088 
v 46 83 50 3 0.10952 
v 47 1 80 17 0.144628 
v 47 17 15 5 0.00802031 
v 47 25 17 5 0.0348191 
v 47 80 21 15 0.283399 
v 47 95 80 15 0.114204 
v 48 24 59 43 0.591276 
v 48 26 43 50 0.0517324 
v 48 44 79 51 0.646199 
v 48 58 26 42 0.254615 
v 48 58 37 51 0.455069 
v 48 59 37 41 0.185672 
v 48 73 78 26 0.229699 
v 48 78 79 26 0.192037 
v 49 8 9 24 0.729937 
v 49 9 79 24 0.25126 
v 49 35 24 50 0.334717 
v 49 76 73 55 0.190122 
v 49 78 73 26 0.126535 
v 50 43 28 29 0.0733097 
v 50 46 43 29 0.0443923 
v 50 48 26 42 0.0826879 
v 50 72 27 46 0.144992 
v 50 76 99 42 1.77149 
v 50 83 72 3 0.289344 
v 50 85 24 3 0.21678 
v 50 99 120 16 1.53202 
v 50 120 64 16 0.978323 
v 51 58 110 101 0.170933 
v 51 73 58 76 0.059611 
v 51 110 98 101 0.845634 
v 52 12 61 129 0.0820337 
v 52 19 10 53 0.159126 
v 52 61 22 117 0.0990405 
v 52 136 132 129 0.0206269 
v 53 56 134 126 0.0123477 
v 53 136 52 126 0.0212753 
v 54 9 21 34 0.0999574 
v 54 9 79 49 0.0879962 
v 54 63 9 5 0.0826475 
v 54 63 66 105 0.316028 
v 54 66 107 105 0.231514 
v 54 78 105 34 0.0329708 
v 54 79 105 49 0.1201 
v 55 35 49 50 0.481461 
v 55 49 76 26 0.433529 
v 55 57 35 82 0.612082 
v 55 72 57 82 0.246449 
v 55 76 72 50 0.892474 
v 55 85 50 3 0.323312 
v 56 6 39 45 0.015141 
v 56 6 133 89 0.146914 
v 56 7 11 53 0.0476811 
v 56 45 33 41 0.361457 
v 56 131 118 86 0.0097256 
v 56 134 131 7 0.00430763 
v 57 2 85 83 0.0289167 
v 57 35 73 55 0.57794 
v 57 72 2 82 0.217628 
v 57 73 98 55 1.27798 
v 57 81 8 85 0.161378 
v 57 95 98 8 0.0444466 
v 57 98 21 2 0.566269 
v 57 98 78 8 0.615641 
v 58 48 37 42 0.19835 
v 58 73 48 26 0.104698 
v 58 76 26 42 0.358699 
v 58 100 99 92 0.336838 
v 58 100 110 101 0.182384 
v 58 101 76 103 0.0492949 
v 59 13 20 63 0.0652978 
v 59 24 20 43 0.375899 
v 59 37 45 44 0.187975 
v 59 44 63 26 0.191274 
v 59 48 37 44 0.106594 
v 59 48 43 41 0.326183 
v 59 65 13 63 0.138435 
v 59 67 36 33 0.070918 
v 60 27 83 62 0.0927586 
v 60 29 64 22 0.0265457 
v 60 32 62 22 0.127677 
v 60 64 32 22 0.161978 
v 61 22 64 12 0.0745457 
v 61 32 117 74 0.302048 
v 61 52 129 126 0.0735138 
v 61 64 32 115 0.290617 
v 61 126 115 117 0.14828 
v 62 32 84 75 0.0643554 
v 62 84 27 75 0.0426029 
v 63 9 79 54 0.0688517 
v 63 14 66 105 0.187909 
v 63 25 9 5 0.0992726 
v 63 44 79 26 0.158459 
v 63 54 66 34 0.0741832 
v 63 66 25 5 0.367457 
v 63 79 20 24 0.126975 
v 63 79 30 105 0.204282 
v 64 27 60 32 0.214931 
v 64 28 120 130 0.556212 
v 64 29 19 12 0.0233506 
v 64 29 50 16 0.539548 
v 64 61 12 130 0.16449 
v 64 72 27 32 0.60883 
v 64 115 114 74 0.293331 
v 64 120 72 74 2.654 
v 65 25 13 20 0.0593108 
v 65 36 66 63 0.49596 
v 65 59 36 44 0.210041 
v 65 66 25 63 0.262572 
v 65 67 59 13 0.115838 
v 66 36 40 4 0.171779 
v 66 40 14 4 0.0542556 
v 66 40 67 1 0.0309145 
v 66 54 107 34 0.0691872 
v 66 63 34 5 0.277928 
v 66 65 25 1 0.0912172 
v 66 67 65 1 0.0380845 
v 66 107 17 5 0.157876 
v 67 36 66 65 0.171164 
v 67 59 36 65 0.130628 
v 69 71 106 68 0.0488896 
v 69 93 112 97 0.172151 
v 69 111 113 68 0.0235182 
v 69 117 75 71 0.0408909 
v 70 21 98 2 0.737304 
v 70 98 93 101 0.141075 
v 71 69 117 68 0.0895093 
v 71 74 109 106 0.0658149 
v 71 115 74 68 0.0838921 
v 71 117 115 68 0.123286 
v 72 27 82 83 0.230879 
v 72 55 50 3 0.784282 
v 72 57 2 55 0.141738 
v 72 88 2 82 0.201239 
v 72 88 32 74 0.385116 
v 72 99 120 50 3.34023 
v 72 109 88 74 0.209837 
v 73 35 49 55 0.13861 
v 73 48 78 51 0.454325 
v 73 58 48 51 0.721393 
v 73 76 103 55 0.061878 
v 73 95 98 51 0.562564 
v 73 98 78 57 1.03864 
v 74 84 117 71 0.11128 
v 74 88 84 71 0.0948011 
v 74 109 88 71 0.110355 
v 74 114 109 106 0.238358 
v 74 115 114 68 0.0466223 
v 75 84 88 71 0.06 
v 75 117 84 71 0.0994179 
v 76 49 73 26 0.0838854 
v 76 55 26 50 1.05127 
v 76 73 58 26 0.187994 
v 76 98 73 103 0.345196 
v 76 99 58 103 0.141191 
v 76 99 72 50 2.86452 
v 76 109 103 72 0.4093 
v 77 21 70 81 0.322232 
v 77 25 21 81 0.170226 
v 77 80 38 98 0.0105339 
v 78 35 73 8 0.240458 
v 78 48 79 51 0.367498 
v 78 54 105 49 0.0722575 
v 78 73 57 8 0.178111 
v 78 95 30 107 0.365884 
v 78 95 73 51 0.297894 
v 78 105 79 49 0.0501836 
v 79 4 63 30 0.319328 
v 79 9 20 24 0.407024 
v 79 44 30 51 0.454666 
v 79 49 24 26 0.0906813 
v 79 63 54 105 0.111172 
v 79 78 49 26 0.102957 
v 80 1 25 77 0.0682067 
v 80 14 38 95 0.262724 
v 80 25 21 77 0.326544 
v 81 20 21 3 0.00584937 
v 81 21 57 8 0.0350741 
v 81 21 70 2 0.333433 
v 81 85 83 3 0.27207 
v 82 27 2 83 0.265678 
v 82 55 72 3 0.393783 
v 82 57 35 85 0.664905 
v 82 72 83 3 0.139945 
v 83 72 27 50 0.89703 
v 83 85 82 3 0.164026 
v 84 88 27 75 0.0542762 
v 84 117 32 74 0.156127 
v 85 2 81 83 0.1997 
v 85 8 35 24 0.501445 
v 85 21 24 3 0.420535 
v 85 35 55 50 0.539411 
v 85 55 82 3 0.438706 
v 85 81 21 3 0.392382 
v 85 82 57 83 0.319159 
v 86 56 131 6 0.119837 
v 86 87 56 133 0.0960507 
v 86 90 87 133 0.167321 
v 86 118 87 91 0.0601221 
v 86 131 118 91 0.0443419 
v 87 96 90 118 0.108111 
v 87 102 96 94 0.186301 
v 88 2 70 103 0.397553 
v 88 27 72 32 0.295988 
v 88 84 27 32 0.107817 
v 89 36 31 23 0.148462 
v 89 39 45 23 0.0601054 
v 89 56 39 23 0.271151 
v 89 102 87 31 0.0643369 
v 89 133 102 44 0.446832 
v 90 86 87 91 0.00189831 
v 90 87 118 91 0.0782737 
v 90 96 119 121 0.0384271 
v 90 99 100 92 0.0715188 
v 90 100 102 133 0.0358395 
v 90 118 121 91 0.0382076 
v 90 119 122 121 0.0522467 
v 90 122 99 92 0.113958 
v 91 6 92 133 0.0922781 
v 91 86 6 133 0.210752 
v 91 90 86 133 0.110641 
v 91 92 16 135 0.0256102 
v 91 92 90 133 0.0482435 
v 91 124 92 127 0.0285735 
v 91 131 124 127 0.036426 
v 92 6 128 133 0.240872 
v 92 18 91 16 0.0628027 
v 92 58 100 37 0.365524 
v 92 90 121 91 0.024704 
v 92 99 42 16 0.721978 
v 92 100 133 37 0.545465 
v 92 122 99 123 0.155831 
v 92 124 122 123 0.0972504 
v 92 128 18 16 0.144791 
v 93 70 101 108 0.257633 
v 93 99 112 97 0.0660267 
v 93 100 110 94 0.34651 
v 93 101 97 108 0.138152 
v 93 104 100 94 0.178343 
v 93 110 38 94 0.130771 
v 93 112 116 119 0.00258162 
v 93 116 104 119 0.00787199 
v 94 87 56 86 0.00153192 
v 94 96 118 121 0.0657425 
v 94 104 96 121 0.131495 
v 95 14 38 30 0.472793 
v 95 21 80 15 0.603665 
v 95 47 80 17 0.141126 
v 95 78 30 51 0.446118 
v 95 80 14 17 0.294217 
v 95 98 21 57 0.661374 
v 95 98 78 73 0.204121 
v 96 87 90 133 0.0540405 
v 96 87 94 118 0.114055 
v 96 99 100 90 0.0806609 
v 96 100 110 102 0.103547 
v 96 119 122 90 0.0427392 
v 96 122 99 90 0.0958125 
v 97 69 93 108 0.146603 
v 97 111 69 108 0.0995042 
v 98 21 80 95 0.646981 
v 98 51 101 76 0.825744 
v 98 70 2 103 0.98842 
v 98 73 51 76 0.476133 
v 98 77 80 70 0.0345852 
v 98 80 38 95 0.196764 
v 98 95 78 8 0.963812 
v 98 110 93 101 1.21749 
v 99 50 42 16 1.06077 
v 99 58 92 42 0.962476 
v 99 76 58 42 0.511752 
v 99 100 101 97 0.203147 
v 99 104 100 93 0.205717 
v 99 109 76 72 0.839777 
v 99 109 120 108 0.469896 
v 99 111 97 108 0.178373 
v 99 116 104 112 0.0512077 
v 99 120 122 111 0.311282 
v 100 58 99 101 0.211342 
v 100 58 110 51 0.116892 
v 100 90 92 133 0.063521 
v 100 93 110 101 0.407173 
v 100 96 90 102 0.119304 
v 100 96 110 94 0.0270268 
v 100 99 93 97 0.154563 
v 100 104 96 94 0.067803 
v 101 51 58 76 0.106052 
v 101 58 99 108 0.190713 
v 101 70 98 103 0.081279 
v 101 98 76 103 0.726934 
v 101 99 97 108 0.19614 
v 101 100 93 97 0.318875 
v 102 4 44 30 0.677932 
v 102 38 40 31 0.000692881 
v 102 87 96 133 0.268654 
v 102 96 90 133 0.0638041 
v 102 100 110 133 0.0369808 
v 103 2 57 55 0.0581623 
v 103 57 98 55 0.938608 
v 103 58 101 108 0.255885 
v 103 76 72 55 0.162494 
v 103 88 2 72 0.232904 
v 103 98 73 55 1.0782 
v 103 99 58 108 0.250452 
v 103 101 70 108 0.178198 
v 103 109 88 72 0.0671791 
v 103 109 99 108 0.526263 
v 104 93 119 94 0.00137821 
v 104 99 100 96 0.0878913 
v 104 99 112 93 0.078616 
v 104 119 96 121 0.0435173 
v 105 30 78 51 0.0216366 
v 105 78 79 51 0.159705 
v 105 78 107 34 0.0513737 
v 105 79 30 51 0.216601 
v 106 71 74 68 0.102694 
v 106 74 114 68 0.0818023 
v 106 111 69 68 0.0314666 
v 106 114 111 68 0.0270449 
v 107 14 66 17 0.130356 
v 107 54 105 34 0.0161288 
v 107 66 34 5 0.0958836 
v 107 78 95 34 0.196425 
v 107 95 14 17 0.253634 
v 108 111 69 106 0.0814969 
v 109 88 70 103 0.109807 
v 109 99 76 103 0.349645 
v 109 99 120 72 1.50513 
v 109 111 108 106 0.0946017 
v 109 114 111 106 0.087008 
v 110 38 102 51 0.181955 
v 110 93 38 98 0.415737 
v 110 96 102 94 0.338189 
v 110 102 133 51 0.361252 
v 111 99 120 108 0.162083 
v 111 112 99 97 0.219727 
v 111 113 112 69 0.0804304 
v 111 120 109 108 0.434218 
v 112 99 116 122 0.0302508 
v 112 111 69 97 0.115594 
v 112 116 104 93 0.00791383 
v 113 116 112 69 0.0526496 
v 113 119 116 69 0.0494619 
v 113 119 118 131 0.019033 
v 113 120 114 111 0.0347351 
v 113 122 120 111 0.101233 
v 113 126 69 68 0.0159597 
v 113 126 114 125 0.01393 
v 113 134 131 126 0.0127598 
v 113 136 126 125 0.0345394 
v 114 113 111 68 0.0111253 
v 114 115 120 125 0.0179249 
v 114 120 64 74 0.465476 
v 114 120 109 111 0.2227 
v 114 126 115 125 0.0119361 
v 115 61 64 125 0.138341 
v 115 61 117 74 0.414593 
v 115 64 32 74 0.295215 
v 115 120 64 114 0.161009 
v 115 126 130 125 0.0247232 
v 115 130 61 125 0.041614 
v 116 99 104 96 0.0686956 
v 116 113 112 122 0.0501683 
v 116 119 122 96 0.0243935 
v 117 32 62 75 0.106007 
v 117 84 32 75 0.0464331 
v 117 115 74 71 0.074121 
v 117 126 115 68 0.0356269 
v 118 87 94 86 0.0173431 
v 118 96 90 121 0.0380072 
v 118 113 131 126 0.0114672 
v 118 119 94 121 0.0112653 
v 119 93 112 69 0.101498 
v 119 104 94 121 0.00710862 
v 119 112 116 69 0.00757182 
v 119 113 116 122 0.0288937 
v 119 116 104 96 0.0280833 
v 119 124 131 127 0.00891672 
v 120 10 16 132 0.122283 
v 120 28 16 19 0.301556 
v 120 64 130 125 0.1658 
v 120 72 50 64 3.1896 
v 120 99 122 123 0.0830564 
v 120 109 72 74 1.2254 
v 120 113 114 125 0.0196803 
v 120 114 109 74 0.371693 
v 120 115 64 125 0.152332 
v 120 132 136 125 0.0330966 
v 121 118 119 131 0.00603583 
v 121 119 122 124 0.00995954 
v 121 124 92 91 0.0242307 
v 122 90 121 124 0.0577448 
v 122 99 116 96 0.0637593 
v 122 112 99 111 0.232367 
v 122 113 112 111 0.0789478 
v 122 113 120 123 0.0458613 
v 122 119 113 123 0.0697671 
v 123 16 92 127 0.0682308 
v 123 92 124 127 0.019683 
v 123 113 120 127 0.00703992 
v 123 119 113 127 0.0319006 
v 123 120 136 127 0.0135554 
v 123 122 119 127 0.0062148 
v 123 124 122 127 0.00244151 
v 123 135 16 127 0.0242708 
v 124 90 121 92 0.0409303 
v 124 119 122 127 0.0130474 
v 124 121 119 131 0.0065993 
v 124 122 90 92 0.0713945 
v 126 61 52 117 0.214382 
v 126 113 114 68 0.0129344 
v 126 114 115 68 0.0108691 
v 126 129 130 125 0.00233184 
v 126 130 61 115 0.0848912 
v 127 113 120 125 0.0289965 
v 127 120 136 125 0.0679458 
v 127 136 113 125 0.0456972 
v 128 6 18 11 0.104635 
v 128 37 41 42 0.0828734 
v 128 92 133 37 0.218243 
v 129 52 136 126 0.0353997 
v 129 130 61 126 0.039643 
v 130 19 10 129 0.0329297 
v 130 61 12 129 0.0425333 
v 130 64 61 125 0.198145 
v 130 132 120 125 0.0351106 
v 130 132 136 129 0.00430904 
v 131 6 18 91 0.111158 
v 131 56 118 126 0.00442706 
v 131 86 6 91 0.141719 
v 131 113 119 127 0.0493898 
v 131 121 118 91 0.0376601 
v 131 124 121 91 0.0361606 
v 132 10 11 136 0.00497457 
v 132 10 52 129 0.0605325 
v 132 11 16 136 0.0316907 
v 132 120 10 130 0.123374 
v 132 120 136 123 0.0317079 
v 132 130 136 125 0.0324281 
v 132 135 123 127 0.00925628 
v 132 136 134 127 0.0137069 
v 133 6 39 89 0.192799 
v 133 39 128 37 0.214644 
v 133 87 56 89 0.319654 
v 133 100 110 51 0.286482 
v 133 102 87 89 0.170915 
v 134 18 131 7 0.0303729 
v 134 56 131 126 0.00654993 
v 134 113 131 127 0.0260669 
v 134 136 53 126 0.00950027 
v 134 136 113 127 0.0334379 
v 135 16 132 123 0.0909828 
v 135 91 92 127 0.0679251 
v 135 92 16 127 0.132567 
v 135 131 91 127 0.0639439 
v 135 132 134 127 0.0185501 
v 135 134 131 127 0.0128521 
v 136 7 134 53 0.00249511 
v 136 10 11 53 0.0202695 
v 136 11 7 53 0.0256327 
v 136 11 16 135 0.0415754 
v 136 52 132 53 0.030282 
v 136 129 126 125 0.0413261 
v 136 130 129 125 0.0257848 
v 136 132 10 53 0.00821929 
v 136 132 123 127 0.00478374 
v 136 132 134 135 0.00294454 
v 136 134 113 126 0.0208663 
