x 2.20645 -0.174335 4.96925 
x -0.353473 -2.76679 4.80849 
x -2.89971 -1.84616 5.75387 
x -2.12378 -0.98763 6.39661 
x 1.58678 -1.01646 5.98771 
x 1.9673 -1.76606 4.74412 
x 0.879776 -1.68593 6.0822 
x 0.55782 -0.220125 6.62844 
x -2.98652 -2.17874 2.31614 
x -2.59813 -0.963938 2.32016 
x -4.49621 -0.887774 7.53404 
x 2.47212 -1.64135 2.82308 
x -8.85269e-05 -2.87142 3.07698 
x -0.440796 -1.53275 6.37244 
x 2.53504 -0.275839 3.6544 
x -2.59641 -0.628913 7.69769 
x 0.869678 -2.652 4.16242 
x -3.96797 -2.68349 6.68312 
x -0.993024 0.810935 9.36712 
x 2.04638 0.403281 2.85976 
x 2.34815 -1.00332 3.66081 
x 1.89128 -1.64228 2.75015 
x 0.521753 1.00528 1.7392 
x 1.0556 0.118089 1.76374 
x -1.80819 0.699557 5.98411 
x -0.571575 0.726008 8.18137 
x -1.36384 -0.799198 1.81578 
x -1.95598 -2.15901 1.78861 
x -4.55902 -0.817903 4.70168 
x -4.1436 -1.52262 4.09618 
x -3.09711 -2.25846 1.76665 
x -3.28085 2.79732 7.85646 
x 2.6183 -0.829076 2.14381 
x 2.95259 -0.183584 2.70463 
x 2.95008 -1.00281 3.55852 
x -4.7541 -0.892364 5.92954 
x -4.27401 -0.246874 5.47194 
x -3.51662 0.0381237 7.86948 
x -3.88324 0.160286 7.6035 
x -3.83479 -1.38003 7.80303 
x -3.12975 -0.139052 7.77559 
x -1.54104 -1.85507 5.62979 
x -2.975 -1.6261 7.50224 
x 1.3663 0.574406 5.7094 
x -3.09438 3.06933 8.80682 
x -2.8244 0.0791296 7.32931 
x -0.536316 1.46391 9.01949 
x -1.11548 -2.84328 4.10015 
x -0.798957 -2.44755 2.49611 
x -3.45243 -2.60387 5.81777 
x -3.37206 -2.21846 4.06513 
x -1.38528 -1.79948 2.74309 
x -2.18795 -1.97885 2.47517 
x -1.5629 -2.20349 4.56119 
x 0.531344 -2.30847 5.21195 
x -4.55627 -2.1816 5.76598 
x -3.67894 1.7268 7.44571 
x -3.6446 2.79209 9.08694 
x -0.0769837 1.01813 5.6406 
x -1.80351 1.15787 4.26461 
x -1.41278 1.83824 3.81261 
x -1.62618 0.503768 2.63455 
x -4.42143 -1.93048 6.99962 
x -1.31944 1.29791 4.86998 
x -0.309384 1.91795 4.51282 
x -2.63786 0.556924 3.12003 
x -3.16204 0.949331 3.78148 
x -4.44043 0.0209455 6.24833 
x -3.32493 0.455069 7.04915 
x -2.78742 0.239526 2.41731 
x -2.75437 -0.330534 2.67613 
x -2.0786 1.56114 1.74326 
x -0.25726 -0.772258 1.90951 
x -2.52842 -0.700177 1.69029 
x -1.39952 -0.540187 6.3231 
x -2.48744 0.172385 6.44558 
x -2.75684 1.05711 5.09894 
x 0.860476 1.11097 4.94341 
x -3.39175 0.486694 5.81656 
x -2.47496 -0.245445 7.15912 
x 1.93725 0.760912 4.34378 
x -4.07521 0.543764 4.51846 
x -2.44796 0.669267 1.71737 
x 1.05061 1.20484 2.35155 
x -1.31993 1.36827 2.43014 
x -0.351303 1.65978 2.62652 
x -1.77761 0.565813 1.89142 
x -3.93174 -1.73429 5.3501 
x 0.532822 -1.76648 1.84656 
x 0.859742 -1.12419 1.6323 
x -3.75355 -0.0989595 1.85054 
x -3.54814 -0.818616 3.09465 
x -2.43616 -1.93916 3.33723 
x -3.22726 -1.04918 1.74277 
x 0.837977 -0.550403 1.81683 
x -4.23518 -0.217332 3.80538 
x 0.957558 -2.12032 1.87187 
x -1.72817 -1.72227 1.76933 
x -1.36199 -2.75247 1.9525 
x -1.10771 -2.15223 1.85494 
x -2.05942 0.0714309 1.68197 
x 0.303364 -0.695624 1.68426 
f 11 39 40 
f 1 81 21 
f 3 51 88 
f 55 17 2 
f 81 20 15 
f 81 15 21 
f 2 17 13 
f 54 51 3 
f 42 54 3 
f 51 54 93 
f 97 49 13 
f 4 42 3 
f 54 53 93 
f 5 1 6 
f 54 52 53 
f 75 14 42 
f 12 21 35 
f 8 7 14 
f 53 9 10 
f 55 14 7 
f 54 2 48 
f 39 11 68 
f 21 12 22 
f 13 49 48 
f 2 13 48 
f 14 55 42 
f 15 34 35 
f 19 16 41 
f 17 97 13 
f 43 50 18 
f 26 19 47 
f 9 28 31 
f 4 50 43 
f 5 6 7 
f 3 50 4 
f 17 22 97 
f 20 24 34 
f 55 6 17 
f 7 6 55 
f 6 21 22 
f 12 90 22 
f 84 23 24 
f 87 23 72 
f 35 33 12 
f 6 22 17 
f 25 60 64 
f 19 26 16 
f 27 73 87 
f 33 34 24 
f 26 80 16 
f 41 32 69 
f 100 73 27 
f 62 83 72 
f 36 37 68 
f 76 25 75 
f 9 53 28 
f 29 96 82 
f 10 91 71 
f 29 30 96 
f 66 62 60 
f 90 97 22 
f 20 84 24 
f 28 98 31 
f 10 9 94 
f 32 41 45 
f 44 81 1 
f 34 33 35 
f 80 43 16 
f 6 1 21 
f 80 76 4 
f 35 21 15 
f 37 36 88 
f 88 29 37 
f 75 8 14 
f 39 58 38 
f 58 45 38 
f 40 39 38 
f 63 36 11 
f 40 41 16 
f 9 31 94 
f 40 43 18 
f 40 38 41 
f 44 1 5 
f 4 75 42 
f 4 76 75 
f 43 80 4 
f 40 16 43 
f 8 44 5 
f 7 8 5 
f 38 45 41 
f 41 46 47 
f 49 54 48 
f 52 54 49 
f 42 55 54 
f 26 46 80 
f 93 10 71 
f 18 63 40 
f 18 50 56 
f 88 51 30 
f 49 99 52 
f 53 10 93 
f 88 30 29 
f 52 99 53 
f 11 40 63 
f 99 28 53 
f 2 54 55 
f 63 18 56 
f 25 59 8 
f 58 57 32 
f 44 8 59 
f 64 60 61 
f 39 57 58 
f 85 61 62 
f 69 57 39 
f 62 61 60 
f 63 56 36 
f 96 67 82 
f 102 23 73 
f 68 11 36 
f 64 59 25 
f 10 94 91 
f 79 37 82 
f 78 64 65 
f 96 66 67 
f 39 68 69 
f 37 29 82 
f 66 71 70 
f 70 71 91 
f 85 62 72 
f 81 78 65 
f 100 89 73 
f 98 27 74 
f 74 27 101 
f 69 46 41 
f 8 75 25 
f 64 78 59 
f 76 46 69 
f 25 76 79 
f 77 25 79 
f 15 20 34 
f 81 44 78 
f 78 44 59 
f 69 68 79 
f 91 83 70 
f 69 79 76 
f 76 80 46 
f 84 20 81 
f 79 82 77 
f 77 60 25 
f 66 70 62 
f 70 83 62 
f 68 37 79 
f 65 84 81 
f 86 84 65 
f 67 66 60 
f 77 67 60 
f 72 23 84 
f 86 85 84 
f 72 84 85 
f 41 47 19 
f 45 58 32 
f 61 85 86 
f 77 82 67 
f 61 86 65 
f 64 61 65 
f 47 46 26 
f 97 90 89 
f 100 97 89 
f 28 100 98 
f 57 69 32 
f 95 33 24 
f 90 33 95 
f 56 88 36 
f 12 33 90 
f 73 23 87 
f 50 88 56 
f 98 100 27 
f 92 96 30 
f 30 51 92 
f 71 66 92 
f 73 89 102 
f 50 3 88 
f 89 90 102 
f 74 83 91 
f 93 92 51 
f 94 74 91 
f 93 71 92 
f 95 23 102 
f 87 72 83 
f 83 74 87 
f 74 101 87 
f 96 92 66 
f 49 97 99 
f 99 97 100 
f 94 98 74 
f 95 24 23 
f 94 31 98 
f 28 99 100 
f 101 27 87 
f 102 90 95 
c 1 5 1.4596 
c 1 6 1.62526 
c 1 21 1.55541 
c 1 44 1.34696 
c 1 55 2.72386 
c 1 78 1.86127 
c 1 81 1.15688 
c 2 13 1.7703 
c 2 17 1.38805 
c 2 48 1.04319 
c 2 52 2.50324 
c 2 54 1.3569 
c 2 55 1.07505 
c 3 4 1.32372 
c 3 18 1.64493 
c 3 30 2.09759 
c 3 36 2.09269 
c 3 37 2.12742 
c 3 42 1.36435 
c 3 43 1.76377 
c 3 50 0.940059 
c 3 51 1.79265 
c 3 54 1.82681 
c 3 63 1.96841 
c 3 68 2.4707 
c 3 77 2.97965 
c 3 79 2.385 
c 3 80 2.17196 
c 3 88 1.11384 
c 3 92 2.92366 
c 3 93 2.46246 
c 3 96 2.86935 
c 4 25 1.76532 
c 4 37 2.45504 
c 4 42 1.29616 
c 4 43 1.53448 
c 4 50 2.17085 
c 4 68 2.53102 
c 4 75 0.854498 
c 4 76 1.21667 
c 4 77 2.50313 
c 4 79 2.02924 
c 4 80 1.12053 
c 5 6 1.50107 
c 5 7 0.978253 
c 5 8 1.45033 
c 5 44 1.63001 
c 5 55 1.83985 
c 5 78 2.47871 
c 6 7 1.72615 
c 6 17 1.5258 
c 6 21 1.37855 
c 6 22 1.99926 
c 6 55 1.6047 
c 6 78 3.08903 
c 7 8 1.59706 
c 7 14 1.36074 
c 7 44 2.34197 
c 7 55 1.1253 
c 7 59 2.90212 
c 7 78 3.01991 
c 8 14 1.66906 
c 8 25 2.61896 
c 8 44 1.4593 
c 8 59 1.70648 
c 8 75 2.0067 
c 9 10 1.27538 
c 9 28 1.15788 
c 9 31 0.566143 
c 9 53 0.838428 
c 9 94 1.28942 
c 10 27 1.34351 
c 10 28 1.45709 
c 10 31 1.4937 
c 10 52 1.53232 
c 10 53 1.10559 
c 10 71 0.743189 
c 10 74 0.686411 
c 10 91 1.5178 
c 10 93 1.41835 
c 10 94 0.858164 
c 10 98 1.27879 
c 11 36 1.62509 
c 11 39 1.21614 
c 11 40 0.867271 
c 11 41 1.57675 
c 11 43 1.69122 
c 11 46 1.9421 
c 11 63 1.17406 
c 11 68 1.57542 
c 11 69 1.84669 
c 11 80 2.15375 
c 12 21 1.06031 
c 12 22 0.585406 
c 12 33 1.06891 
c 12 35 1.08493 
c 12 90 2.07007 
c 13 17 1.40812 
c 13 22 2.27922 
c 13 48 1.51385 
c 13 49 1.07484 
c 13 52 1.78306 
c 13 54 2.25641 
c 13 73 2.4157 
c 13 89 1.73747 
c 13 97 1.71276 
c 14 42 1.36599 
c 14 54 2.23374 
c 14 55 1.70104 
c 14 59 2.6786 
c 14 75 1.38086 
c 15 20 1.15388 
c 15 21 0.751126 
c 15 33 1.61087 
c 15 34 1.0416 
c 15 35 0.84258 
c 15 81 1.3811 
c 16 19 2.72599 
c 16 26 2.48389 
c 16 40 1.45219 
c 16 41 0.728343 
c 16 43 1.08439 
c 16 46 0.830067 
c 16 80 0.672207 
c 17 21 2.27061 
c 17 22 2.01438 
c 17 52 2.79752 
c 17 55 1.15499 
c 17 73 3.14309 
c 17 78 3.84318 
c 17 89 2.50216 
c 17 97 2.35309 
c 18 40 1.72364 
c 18 43 1.66584 
c 18 50 1.01042 
c 18 56 1.19964 
c 18 63 0.934255 
c 18 88 1.63684 
c 19 26 1.26128 
c 19 41 2.82861 
c 19 46 2.83587 
c 19 47 0.869367 
c 20 21 1.64659 
c 20 22 2.05436 
c 20 24 1.50474 
c 20 33 1.5357 
c 20 34 1.09073 
c 20 78 2.49976 
c 20 81 1.5304 
c 20 84 1.37562 
c 20 95 1.85942 
c 21 22 1.20263 
c 21 33 1.55069 
c 21 34 1.39699 
c 21 35 0.610556 
c 21 55 2.72218 
c 21 73 3.14779 
c 21 78 2.88591 
c 21 81 1.93592 
c 21 95 2.42611 
c 22 33 1.248 
c 22 73 2.46573 
c 22 89 1.63624 
c 22 90 1.60688 
c 22 95 1.78121 
c 22 97 1.3681 
c 23 24 1.03572 
c 23 62 2.3805 
c 23 72 2.6591 
c 23 73 1.94821 
c 23 84 0.833355 
c 23 85 2.00024 
c 23 87 2.34593 
c 23 95 1.5894 
c 23 102 1.71575 
c 24 33 1.86644 
c 24 34 2.13889 
c 24 73 1.59297 
c 24 84 1.23554 
c 24 95 0.705024 
c 25 59 1.79348 
c 25 60 1.77954 
c 25 64 1.3558 
c 25 75 1.34866 
c 25 76 0.975826 
c 25 77 1.34585 
c 25 79 1.60657 
c 26 46 2.49393 
c 26 47 1.11722 
c 26 80 2.36888 
c 27 52 1.36416 
c 27 62 1.56107 
c 27 71 1.70101 
c 27 73 1.11087 
c 27 74 1.1755 
c 27 87 1.42835 
c 27 98 0.993458 
c 27 100 1.37762 
c 27 101 1.12237 
c 28 31 1.14567 
c 28 52 1.16876 
c 28 53 0.746753 
c 28 94 1.68819 
c 28 98 0.492959 
c 28 99 0.855498 
c 28 100 0.850891 
c 29 30 1.01776 
c 29 37 1.0003 
c 29 82 1.45663 
c 29 88 1.28596 
c 29 96 1.12646 
c 30 37 1.88075 
c 30 51 1.03944 
c 30 88 1.28918 
c 30 92 1.36135 
c 30 96 1.34042 
c 31 53 1.18607 
c 31 94 1.2165 
c 31 98 1.47021 
c 32 41 2.94137 
c 32 45 1.00595 
c 32 57 1.21375 
c 32 58 1.28313 
c 32 69 2.47787 
c 33 34 0.918112 
c 33 35 1.46345 
c 33 90 1.85506 
c 33 95 1.83142 
c 34 35 1.18333 
c 36 37 0.925497 
c 36 43 2.48534 
c 36 56 1.31454 
c 36 63 1.52755 
c 36 68 1.01693 
c 36 88 1.31182 
c 37 68 0.837973 
c 37 76 2.0774 
c 37 79 1.19802 
c 37 82 1.2545 
c 37 88 1.53114 
c 37 96 1.66727 
c 38 39 0.469126 
c 38 40 1.45493 
c 38 41 0.435742 
c 38 45 3.20079 
c 38 57 1.74859 
c 38 58 3.01379 
c 38 69 0.939958 
c 39 40 1.55394 
c 39 41 0.828828 
c 39 57 1.58764 
c 39 58 3.03051 
c 39 68 1.47186 
c 39 69 0.840179 
c 40 41 1.42754 
c 40 43 0.943537 
c 40 46 1.83697 
c 40 63 1.13692 
c 40 80 1.88443 
c 41 43 1.51986 
c 41 45 3.37022 
c 41 46 0.583094 
c 41 47 3.29282 
c 41 57 1.97278 
c 41 69 0.958529 
c 41 80 0.905597 
c 42 54 1.12418 
c 42 55 2.16216 
c 42 59 3.22472 
c 42 60 3.31819 
c 42 75 1.49319 
c 42 77 3.20011 
c 43 50 2.00535 
c 43 63 1.56123 
c 43 68 2.53624 
c 43 80 1.50797 
c 44 59 1.51152 
c 44 78 1.06325 
c 44 81 1.49188 
c 45 57 1.99917 
c 45 58 0.676812 
c 46 47 3.16381 
c 46 68 1.94511 
c 46 69 0.685817 
c 46 76 0.950384 
c 46 80 0.506388 
c 48 49 1.68218 
c 48 54 0.906685 
c 49 52 0.908168 
c 49 54 2.21534 
c 49 73 1.85584 
c 49 89 1.63077 
c 49 97 1.89264 
c 49 99 0.839937 
c 49 100 0.770475 
c 50 56 1.18299 
c 50 63 1.67009 
c 50 88 1.09756 
c 51 54 1.876 
c 51 88 1.48284 
c 51 92 1.71242 
c 51 93 1.2181 
c 52 53 0.865002 
c 52 54 1.8709 
c 52 55 3.16667 
c 52 59 4.24808 
c 52 62 2.31835 
c 52 64 3.7579 
c 52 71 2.00915 
c 52 73 1.73852 
c 52 78 4.28434 
c 52 93 1.21526 
c 52 98 1.03525 
c 52 99 1.23845 
c 52 100 0.995127 
c 53 54 2.18921 
c 53 93 0.897954 
c 53 98 0.880589 
c 53 99 1.24655 
c 54 55 2.19553 
c 54 59 3.70835 
c 54 60 3.38298 
c 54 62 3.32343 
c 54 64 3.52341 
c 54 66 3.29429 
c 54 75 2.42849 
c 54 77 3.51371 
c 54 78 4.12365 
c 54 93 1.52661 
c 55 59 3.40882 
c 55 73 3.72666 
c 55 78 3.44572 
c 56 63 1.26614 
c 56 88 0.873551 
c 57 58 1.95696 
c 57 69 1.37837 
c 59 64 1.48857 
c 59 75 2.15482 
c 59 78 1.17197 
c 60 61 0.905477 
c 60 62 1.76533 
c 60 64 0.787658 
c 60 65 1.69462 
c 60 66 1.53861 
c 60 67 1.45688 
c 60 75 2.69888 
c 60 77 1.27086 
c 60 86 2.24593 
c 60 93 3.29421 
c 61 62 1.79281 
c 61 64 1.19109 
c 61 65 1.30925 
c 61 85 1.46311 
c 61 86 1.60168 
c 62 64 2.39204 
c 62 65 2.69476 
c 62 66 1.1234 
c 62 70 1.21058 
c 62 71 1.40378 
c 62 72 1.45503 
c 62 73 2.00696 
c 62 78 3.44717 
c 62 83 1.24255 
c 62 84 2.78151 
c 62 85 0.939647 
c 62 86 1.72097 
c 62 87 0.760941 
c 62 93 2.6679 
c 63 88 1.73183 
c 64 65 1.23783 
c 64 75 2.34448 
c 64 78 2.18915 
c 65 78 1.48499 
c 65 81 2.53272 
c 65 84 2.65127 
c 65 86 1.90435 
c 66 67 0.930732 
c 66 70 0.78545 
c 66 71 0.999101 
c 66 77 2.0446 
c 66 92 1.64965 
c 66 93 2.51362 
c 66 96 1.90279 
c 67 77 1.38257 
c 67 82 1.24156 
c 67 92 1.93557 
c 67 96 1.58534 
c 68 69 1.44018 
c 68 76 1.96876 
c 68 79 1.22599 
c 68 80 2.18256 
c 69 76 1.07033 
c 69 79 1.23481 
c 69 80 1.10692 
c 70 71 0.626938 
c 70 74 1.21601 
c 70 83 0.888719 
c 70 87 1.18437 
c 70 91 1.17013 
c 71 74 1.07683 
c 71 87 1.54055 
c 71 91 1.31666 
c 71 92 1.02149 
c 71 93 1.76804 
c 72 83 0.965681 
c 72 84 3.20763 
c 72 85 1.04143 
c 72 87 1.05034 
c 73 78 3.74172 
c 73 84 2.4114 
c 73 87 2.0254 
c 73 89 1.27148 
c 73 95 1.12132 
c 73 100 1.6219 
c 73 102 0.609024 
c 74 83 1.37207 
c 74 87 1.48556 
c 74 91 1.37408 
c 74 94 0.782904 
c 74 98 1.30051 
c 74 101 0.903003 
c 75 76 1.30626 
c 75 77 2.42739 
c 76 77 1.63363 
c 76 79 1.14553 
c 76 80 0.826968 
c 77 79 1.11511 
c 77 82 1.52924 
c 77 92 2.85686 
c 77 93 3.49057 
c 77 96 2.34158 
c 78 81 1.28123 
c 78 84 2.60053 
c 78 86 2.67163 
c 78 95 3.54065 
c 79 82 1.46814 
c 79 96 2.29169 
c 81 84 2.22535 
c 81 95 3.05179 
c 82 96 1.05515 
c 83 87 0.700259 
c 83 91 1.52068 
c 84 85 2.37747 
c 84 86 1.49932 
c 84 95 1.84716 
c 85 86 1.03043 
c 85 87 1.06941 
c 87 101 0.606379 
c 89 90 0.751879 
c 89 95 1.25413 
c 89 97 0.553391 
c 89 100 1.68529 
c 89 102 1.10713 
c 90 95 0.603126 
c 90 97 1.02919 
c 90 102 0.704221 
c 91 94 1.09157 
c 92 93 1.59717 
c 92 96 1.15703 
c 94 98 1.64348 
c 95 102 0.569628 
c 97 99 2.4055 
c 97 100 2.06558 
c 98 100 0.759718 
c 99 100 0.659142 
v 21 17 22 6 0.119214 
v 40 80 11 46 0.082416 
v 35 21 15 34 0.0643576 
v 87 71 27 62 0.237223 
v 62 65 64 78 0.687882 
v 98 10 94 28 0.0783994 
v 81 20 15 21 0.138789 
v 20 33 15 21 0.143396 
v 65 78 86 84 0.23108 
v 85 23 72 84 0.101376 
v 66 92 67 96 0.0369934 
v 20 34 33 24 0.0782558 
v 74 87 27 101 0.0341273 
v 62 65 78 86 0.769195 
v 54 13 2 48 0.163529 
v 66 70 62 71 0.0892819 
v 64 75 59 25 0.324293 
v 51 54 93 3 0.237032 
v 69 68 76 80 0.174404 
v 78 21 6 55 0.732568 
v 52 71 27 10 0.183569 
v 77 60 42 54 0.613217 
v 79 37 76 68 0.148385 
v 79 4 37 3 0.128944 
v 66 93 62 60 0.68161 
v 62 86 78 84 0.945746 
v 91 74 70 71 0.122048 
v 51 3 92 30 0.372884 
v 93 3 92 51 0.505772 
v 73 52 62 27 0.379439 
v 86 62 61 85 0.19614 
v 27 87 62 73 0.186554 
v 96 79 82 37 0.155054 
v 10 9 94 31 0.0569837 
v 52 2 13 17 0.408456 
v 78 81 20 84 0.183489 
v 54 53 93 52 0.0699524 
v 8 25 59 75 0.258338 
v 95 24 73 84 0.0738355 
v 69 57 39 38 0.0868329 
v 10 31 94 28 0.131354 
v 39 69 11 68 0.138411 
v 69 79 76 68 0.14695 
v 46 69 76 80 0.0161248 
v 79 4 76 37 0.0892504 
v 77 96 67 92 0.361248 
v 57 41 38 69 0.0654707 
v 88 50 18 56 0.0896283 
v 45 57 58 32 0.0733731 
v 68 4 80 3 0.227656 
v 60 86 62 61 0.190695 
v 63 40 18 43 0.073831 
v 80 68 46 69 0.0378992 
v 37 4 68 3 0.318808 
v 57 41 69 32 0.134026 
v 89 49 13 73 0.241642 
v 40 46 11 41 0.0956096 
v 39 40 41 38 0.0353684 
v 46 69 11 41 0.0718544 
v 46 68 11 69 0.15373 
v 46 80 26 16 0.13283 
v 80 41 16 46 0.00541069 
v 43 11 36 63 0.393248 
v 43 68 36 11 0.424216 
v 63 43 18 3 0.335991 
v 87 23 62 73 0.46594 
v 63 50 18 88 0.0539188 
v 84 62 85 23 0.238508 
v 78 5 44 7 0.139942 
v 58 38 39 57 0.181569 
v 77 92 67 66 0.286472 
v 3 30 88 37 0.300426 
v 95 23 73 24 0.00164515 
v 75 4 76 25 0.0657662 
v 78 21 17 73 3.05136 
v 95 23 102 73 0.0532765 
v 55 21 6 17 0.247331 
v 98 10 27 74 0.118404 
v 23 84 73 24 0.180515 
v 78 21 73 95 1.02967 
v 20 84 95 78 0.877132 
v 24 84 95 20 0.112157 
v 17 73 52 55 0.81483 
v 63 3 18 50 0.0867779 
v 68 37 76 4 0.298947 
v 78 21 55 17 0.730937 
v 12 90 22 33 0.0425929 
v 21 33 15 34 0.0464364 
v 21 81 95 78 0.782625 
v 20 81 95 21 0.571105 
v 20 78 95 81 0.244728 
v 22 21 12 33 0.110182 
v 24 20 95 33 0.202703 
v 39 40 11 41 0.0170958 
v 98 74 94 10 0.0997259 
v 16 41 43 40 0.033065 
v 95 84 73 78 0.810614 
v 73 78 55 17 1.24801 
v 49 89 13 97 0.080062 
v 64 54 59 75 1.16731 
v 3 51 88 30 0.134117 
v 75 25 64 60 0.195372 
v 73 78 62 52 1.87721 
v 98 31 28 94 0.00379642 
v 52 100 27 73 0.229702 
v 52 10 27 98 0.205313 
v 10 28 98 53 0.0501142 
v 52 98 27 100 0.112685 
v 28 9 53 31 0.011648 
v 10 31 53 9 0.0789647 
v 28 31 53 10 0.143691 
v 10 93 52 71 0.173748 
v 53 93 52 10 0.14011 
v 10 91 74 94 0.0900732 
v 55 78 52 54 2.19317 
v 73 78 52 55 2.26801 
v 55 54 52 2 0.3472 
v 55 2 52 17 0.388622 
v 27 71 74 10 0.0962317 
v 53 10 52 98 0.126835 
v 73 49 52 100 0.17299 
v 49 99 52 100 0.0663759 
v 98 100 52 28 0.0578064 
v 98 28 52 53 0.0423921 
v 28 99 52 53 0.0731547 
v 28 100 52 99 0.0828436 
v 10 91 71 74 0.0909804 
v 88 30 29 37 0.101969 
v 91 83 70 74 0.193168 
v 52 71 62 27 0.410565 
v 29 30 96 37 0.125379 
v 77 66 67 60 0.116879 
v 59 78 44 7 0.393767 
v 83 72 62 87 0.0743115 
v 92 3 96 30 0.446846 
v 3 79 96 37 0.677947 
v 37 30 96 3 0.455109 
v 75 54 42 60 0.123909 
v 75 60 64 54 0.430585 
v 96 37 82 29 0.0364312 
v 71 93 66 92 0.21008 
v 97 89 22 90 0.074044 
v 14 8 59 75 0.377126 
v 62 54 64 60 0.512348 
v 60 54 66 93 0.0169457 
v 83 87 62 70 0.0345064 
v 66 71 62 93 0.256773 
v 52 93 62 71 0.273218 
v 52 54 62 93 0.68625 
v 60 93 62 54 0.89559 
v 87 70 74 71 0.105418 
v 71 27 74 87 0.252567 
v 62 52 64 54 0.461036 
v 78 52 64 62 1.87522 
v 96 3 77 79 0.86768 
v 92 3 77 96 1.12801 
v 60 54 77 66 1.05017 
v 79 3 77 4 0.454682 
v 75 25 77 4 0.13345 
v 60 25 77 75 0.298999 
v 93 92 77 66 0.864129 
v 93 3 77 92 1.37433 
v 93 54 77 3 1.30911 
v 66 54 77 93 0.755999 
v 55 5 7 6 0.0787837 
v 77 79 76 25 0.0220026 
v 25 4 76 77 0.225227 
v 77 4 76 79 0.216595 
v 68 4 76 80 0.287165 
v 77 96 82 67 0.181958 
v 77 79 82 96 0.198751 
v 77 3 42 4 0.594818 
v 7 5 44 8 0.170926 
v 41 69 39 38 0.0138339 
v 84 81 65 78 0.160117 
v 45 38 58 57 0.317976 
v 52 54 13 2 0.154554 
v 46 47 19 26 0.303796 
v 39 41 11 69 0.10602 
v 46 80 11 68 0.218791 
v 3 50 63 88 0.246915 
v 16 46 19 26 0.412489 
v 16 41 19 46 0.188367 
v 77 54 42 3 0.754735 
v 16 80 43 41 0.0732993 
v 80 4 43 3 0.223454 
v 40 41 43 80 0.0826355 
v 11 40 63 43 0.0952979 
v 41 80 40 46 0.0420883 
v 42 54 14 55 0.0910045 
v 80 3 43 68 0.885623 
v 88 56 18 63 0.148238 
v 50 3 18 43 0.0765069 
v 11 80 43 68 0.449761 
v 40 80 43 11 0.10196 
v 63 56 36 88 0.196605 
v 43 3 36 68 0.558794 
v 63 3 36 43 0.528321 
v 88 3 36 63 0.277029 
v 88 37 36 3 0.191695 
v 68 3 36 37 0.233003 
v 75 60 42 77 0.724201 
v 77 4 42 75 0.409867 
v 78 5 7 55 0.343485 
v 7 8 44 59 0.455745 
v 62 86 84 85 0.107448 
v 64 52 59 54 1.4345 
v 78 52 59 64 0.955337 
v 78 54 59 52 0.941786 
v 55 54 59 78 1.16738 
v 7 8 59 14 0.476314 
v 14 54 59 55 1.52591 
v 55 7 59 14 0.635496 
v 55 78 59 7 0.599819 
v 42 54 59 14 0.533656 
v 42 75 59 54 0.218785 
v 14 75 59 42 0.496173 
v 21 34 35 33 0.106003 
v 86 60 65 61 0.255873 
v 61 60 65 64 0.049285 
v 73 84 62 78 1.88681 
v 62 65 86 60 0.250458 
v 87 85 62 23 0.226207 
v 84 73 62 23 0.471509 
v 20 34 15 33 0.148198 
v 57 41 45 38 0.204531 
v 44 78 1 5 0.230887 
v 44 81 1 78 0.107606 
v 55 78 1 6 0.296945 
v 55 5 1 78 0.7746 
v 6 5 1 55 0.337514 
v 21 78 1 81 0.296 
v 6 78 1 21 0.501031 
v 35 33 12 21 0.108435 
v 100 49 89 73 0.213298 
v 102 95 89 90 0.0246218 
v 73 95 89 102 0.0374909 
v 100 49 97 89 0.0769701 
v 100 99 97 49 0.120792 
v 87 85 72 62 0.0707779 
v 89 73 13 17 0.475516 
v 52 17 13 73 0.611964 
v 52 73 13 49 0.219943 
v 13 17 22 89 0.171419 
v 97 17 22 13 0.0631744 
v 13 89 22 97 0.20241 
v 95 33 22 90 0.177075 
v 89 95 22 90 0.0838733 
v 89 73 22 95 0.214496 
v 17 73 22 89 0.62716 
v 21 73 22 17 0.907694 
v 21 95 22 73 0.328167 
v 95 21 22 20 0.201355 
v 33 20 22 21 0.289303 
v 95 20 22 33 0.476712 
v 41 57 45 32 0.171705 
v 87 85 23 72 0.275644 
v 54 52 13 49 0.132033 
v 54 13 48 49 0.157287 
v 47 41 46 19 0.0877563 
v 71 87 70 62 0.0751857 
v 65 62 64 60 0.141191 
v 4 50 43 3 0.0546927 
v 70 87 74 83 0.122003 
