x -0.062791 0.039349 0.045014 
x -0.054604 0.152817 0.020978 
x -0.015979 0.049922 0.048951 
x -0.02724 0.03905 0.055049 
x -0.038569 0.051057 0.038607 
x -0.077665 0.15207 -0.003206 
x 0.005986 0.068279 0.058448 
x -0.088908 0.15411 0.021647 
x 0.043962 0.08988 -0.009661 
x -0.064133 0.112635 -0.014274 
x -0.090812 0.088845 0.022546 
x -0.075811 0.12264 0.056609 
x -0.051408 0.144841 0.001366 
x 0.011156 0.132569 0.004402 
x -0.073382 0.106713 0.040373 
x -0.076358 0.084082 -0.016614 
x -0.090668 0.114855 0.004542 
x -0.019051 0.088557 0.058211 
x -0.031258 0.091224 0.04407 
x 0.010627 0.104239 0.046169 
x -0.06469 0.156243 0.002569 
x -0.025294 0.12093 0.032818 
x -0.039403 0.127064 0.017168 
x -0.027583 0.117725 -0.017179 
x -0.011432 0.163627 -0.01452 
x 0.034568 0.113953 0.032975 
x 0.041173 0.055514 0.032634 
x 0.054025 0.0731 0.015204 
x -0.091125 0.11532 0.043632 
x 0.013301 0.034808 -0.012234 
x -0.069391 0.181118 -0.058011 
x 0.029517 0.108922 -0.014033 
x 0.040928 0.057195 -0.008066 
x -0.032162 0.093003 -0.025493 
x -0.017165 0.187947 -0.022169 
x -0.071798 0.035824 0.003206 
x -0.054003 0.051095 0.009729 
x -0.051419 0.054363 -0.005516 
x -0.069068 0.152208 -0.050004 
x -0.032524 0.052691 -0.010075 
x -0.022297 0.084144 -0.041113 
x -0.08011 0.067055 0.013405 
x 0.021012 0.047031 -0.024097 
x -0.060561 0.133993 -0.008067 
x -0.022179 0.050014 -0.031565 
x -0.03459 0.03761 -0.023464 
x 0.009765 0.034569 0.0199 
x -0.040659 0.034111 0.004575 
x 0.059267 0.048231 0.008741 
x -0.055283 0.074871 0.044453 
x 0.016491 0.036062 0.041963 
x -0.033515 0.036017 0.043108 
f 7 20 18 
f 33 9 28 
f 50 19 15 
f 19 22 15 
f 3 51 7 
f 22 23 15 
f 5 19 50 
f 26 14 22 
f 1 5 37 
f 22 20 26 
f 8 6 17 
f 3 7 18 
f 2 35 21 
f 12 23 2 
f 12 15 23 
f 27 7 51 
f 30 33 49 
f 26 20 7 
f 28 26 27 
f 49 28 27 
f 27 26 7 
f 25 35 2 
f 47 48 46 
f 13 25 2 
f 39 21 44 
f 47 52 48 
f 24 44 23 
f 5 1 52 
f 42 11 16 
f 40 38 34 
f 51 47 27 
f 43 33 30 
f 1 37 36 
f 21 39 31 
f 9 26 28 
f 44 13 23 
f 11 15 17 
f 14 23 22 
f 31 6 21 
f 6 8 21 
f 21 8 2 
f 2 8 12 
f 9 32 26 
f 13 2 23 
f 32 14 26 
f 13 21 35 
f 19 3 18 
f 19 5 3 
f 20 22 19 
f 50 15 11 
f 4 3 5 
f 37 5 50 
f 52 4 5 
f 19 18 20 
f 12 8 29 
f 14 32 24 
f 39 6 31 
f 41 45 40 
f 39 44 6 
f 41 40 34 
f 29 8 17 
f 17 10 16 
f 34 32 41 
f 38 42 16 
f 17 6 44 
f 11 17 16 
f 37 38 36 
f 40 45 46 
f 32 9 41 
f 51 52 47 
f 13 44 21 
f 23 14 24 
f 32 34 24 
f 44 24 10 
f 33 28 49 
f 17 44 10 
f 46 36 38 
f 33 43 9 
f 34 10 24 
f 46 38 40 
f 43 41 9 
f 43 45 41 
f 38 16 34 
f 16 10 34 
f 30 46 43 
f 43 46 45 
f 13 35 25 
f 49 47 30 
f 15 29 17 
f 49 27 47 
f 30 47 46 
f 15 12 29 
f 50 11 42 
f 38 37 42 
f 46 48 36 
f 37 50 42 
f 51 3 4 
f 51 4 52 
f 52 36 48 
f 1 36 52 
c 1 2 0.116274 
c 1 3 0.0481524 
c 1 4 0.0369414 
c 1 13 0.114731 
c 1 15 0.0683492 
c 1 17 0.0900903 
c 1 18 0.0671474 
c 1 27 0.105939 
c 1 30 0.0953307 
c 1 41 0.105187 
c 1 42 0.045461 
c 2 3 0.11341 
c 2 4 0.121871 
c 2 12 0.0512831 
c 2 17 0.0548805 
c 2 18 0.0823387 
c 2 28 0.134864 
c 2 29 0.0570352 
c 2 30 0.140144 
c 2 31 0.085199 
c 2 33 0.138252 
c 2 39 0.0724432 
c 2 40 0.107131 
c 2 42 0.0897944 
c 3 4 0.0167987 
c 3 7 0.0301601 
c 3 10 0.101238 
c 3 12 0.0944797 
c 3 13 0.111934 
c 3 22 0.073411 
c 3 29 0.0997603 
c 3 30 0.0694936 
c 3 31 0.1775 
c 3 32 0.0975596 
c 3 33 0.0808841 
c 3 41 0.0965535 
c 4 13 0.121069 
c 4 17 0.110998 
c 4 31 0.186394 
c 4 33 0.0946553 
c 4 39 0.15997 
c 4 40 0.0667468 
c 4 42 0.0728954 
c 4 44 0.118777 
c 4 46 0.0788694 
c 5 6 0.116105 
c 5 7 0.0517244 
c 5 8 0.115938 
c 5 9 0.103191 
c 5 10 0.0850986 
c 5 11 0.0664471 
c 5 22 0.0713581 
c 6 7 0.13349 
c 6 8 0.0273539 
c 6 10 0.0431362 
c 6 11 0.0695227 
c 6 12 0.0666888 
c 6 20 0.111898 
c 6 31 0.0625766 
c 6 35 0.0728492 
c 7 8 0.13314 
c 7 10 0.11033 
c 7 12 0.0982306 
c 7 22 0.0663887 
c 7 29 0.108917 
c 7 32 0.0863658 
c 8 11 0.065299 
c 8 12 0.0488286 
c 8 32 0.13168 
c 8 34 0.0957933 
c 8 35 0.0906192 
c 8 37 0.109419 
c 9 10 0.11056 
c 9 11 0.138573 
c 9 20 0.0665912 
c 9 21 0.127902 
c 9 45 0.0802728 
c 10 11 0.0513171 
c 10 12 0.0725319 
c 10 20 0.0965034 
c 10 22 0.061603 
c 10 31 0.0814278 
c 10 33 0.118954 
c 10 44 0.0225267 
c 10 45 0.0773337 
c 11 19 0.0633689 
c 11 20 0.105285 
c 11 21 0.0749929 
c 11 34 0.0759267 
c 11 35 0.131318 
c 12 28 0.145003 
c 12 29 0.0213659 
c 12 31 0.128836 
c 12 32 0.127564 
c 12 35 0.117942 
c 12 36 0.102005 
c 12 37 0.0882724 
c 13 14 0.0638285 
c 13 15 0.058806 
c 13 16 0.0680987 
c 13 17 0.0495035 
c 13 41 0.0795993 
c 13 42 0.0837819 
c 14 15 0.0954417 
c 14 16 0.102232 
c 14 41 0.0744023 
c 15 16 0.0613884 
c 15 17 0.0406074 
c 15 18 0.0599974 
c 15 27 0.125714 
c 15 41 0.0987877 
c 15 42 0.0484283 
c 16 17 0.0399916 
c 16 18 0.0943552 
c 16 42 0.0347151 
c 17 18 0.0932788 
c 17 42 0.049748 
c 18 27 0.0733004 
c 18 28 0.0861895 
c 18 29 0.0782526 
c 18 30 0.0943298 
c 18 40 0.0782999 
c 18 41 0.099475 
c 18 42 0.0787281 
c 19 20 0.0439107 
c 19 21 0.0840684 
c 19 23 0.0455474 
c 19 26 0.0705179 
c 19 34 0.0695916 
c 19 35 0.118074 
c 19 43 0.0966018 
c 19 48 0.0700723 
c 19 49 0.106261 
c 19 51 0.072988 
c 20 21 0.101381 
c 20 31 0.152206 
c 20 33 0.0779277 
c 20 35 0.111577 
c 20 43 0.0912026 
c 20 44 0.0943111 
c 20 45 0.100295 
c 20 52 0.081315 
c 21 23 0.0412793 
c 21 26 0.112094 
c 21 45 0.119402 
c 21 52 0.130651 
c 22 30 0.104577 
c 22 32 0.0730989 
c 22 33 0.100593 
c 22 44 0.0555517 
c 22 45 0.0958329 
c 23 24 0.0375053 
c 23 25 0.055887 
c 23 26 0.0767689 
c 23 49 0.126576 
c 23 51 0.109637 
c 24 25 0.0487331 
c 24 26 0.0799525 
c 24 47 0.0984106 
c 24 49 0.114211 
c 24 50 0.0800141 
c 25 26 0.0826999 
c 25 46 0.128439 
c 25 47 0.135241 
c 25 50 0.115232 
c 26 49 0.0742745 
c 27 28 0.0278971 
c 27 29 0.145604 
c 27 30 0.0567338 
c 27 38 0.10015 
c 27 41 0.101424 
c 28 29 0.153815 
c 28 31 0.17961 
c 28 38 0.109082 
c 28 40 0.0924461 
c 29 30 0.143206 
c 29 31 0.123016 
c 29 32 0.133868 
c 29 38 0.0877944 
c 29 40 0.101197 
c 30 32 0.0758886 
c 30 38 0.0679427 
c 30 41 0.0673443 
c 31 33 0.173268 
c 31 35 0.063709 
c 31 36 0.157682 
c 31 40 0.141953 
c 31 43 0.165234 
c 31 47 0.183881 
c 31 48 0.162338 
c 32 38 0.0979789 
c 33 40 0.0736174 
c 33 44 0.127271 
c 33 45 0.067722 
c 33 46 0.0795213 
c 34 35 0.0961786 
c 34 37 0.0589398 
c 34 43 0.0703054 
c 34 51 0.100795 
c 35 36 0.163616 
c 35 37 0.145269 
c 35 43 0.146009 
c 36 37 0.0243396 
c 36 40 0.0447585 
c 36 43 0.0973897 
c 36 47 0.0832634 
c 36 48 0.0312161 
c 37 43 0.0823891 
c 37 51 0.0789584 
c 39 40 0.113285 
c 39 42 0.106741 
c 39 46 0.12258 
c 39 47 0.157924 
c 39 50 0.122854 
c 40 42 0.0549733 
c 40 47 0.0549114 
c 43 48 0.0692266 
c 43 51 0.0671169 
c 44 45 0.0952775 
c 44 46 0.101001 
c 45 52 0.0768146 
c 46 47 0.0621052 
c 46 50 0.0801829 
c 47 48 0.0527034 
c 47 49 0.0525511 
c 47 50 0.0803638 
c 48 49 0.101005 
c 48 51 0.0683212 
c 49 50 0.122909 
c 49 51 0.0555119 
v 1 2 3 4 -4.52862e-06 
v 1 13 42 4 -9.06452e-06 
v 1 17 2 4 1.01823e-05 
v 1 41 15 13 6.65932e-06 
v 2 4 39 40 1.42069e-05 
v 2 12 29 3 1.68462e-05 
v 2 17 18 42 -4.97083e-06 
v 2 18 28 40 -8.00916e-05 
v 2 28 29 40 6.62537e-05 
v 2 29 30 3 5.16107e-05 
v 2 30 1 3 -5.96187e-05 
v 3 2 12 31 -4.17371e-05 
v 3 10 22 33 5.96987e-05 
v 3 13 1 4 2.75869e-06 
v 4 2 3 33 1.12675e-05 
v 4 42 2 39 5.30382e-05 
v 5 6 7 8 -2.69059e-05 
v 5 9 10 11 1.09931e-05 
v 6 5 11 8 -1.63482e-05 
v 6 10 5 7 -2.28345e-05 
v 6 11 35 8 1.38201e-05 
v 6 35 12 8 -1.18685e-05 
v 7 6 10 12 2.91781e-05 
v 7 10 22 3 -7.66887e-06 
v 7 29 12 3 -3.52781e-06 
v 8 34 35 37 2.77098e-05 
v 8 35 12 37 5.71431e-05 
v 9 20 21 45 7.88832e-05 
v 10 5 11 6 -1.73352e-05 
v 10 7 12 3 3.16877e-05 
v 10 22 5 7 1.37413e-05 
v 10 33 31 20 8.80747e-05 
v 10 44 33 45 3.79595e-06 
v 11 6 35 20 -2.12105e-05 
v 11 9 10 20 3.53517e-05 
v 11 10 6 20 3.49303e-05 
v 11 35 19 20 4.41491e-06 
v 12 2 29 31 1.43952e-06 
v 12 6 10 31 -4.75014e-06 
v 12 7 6 8 5.22472e-06 
v 12 29 28 31 -5.56136e-05 
v 12 32 7 8 3.9398e-06 
v 12 35 31 36 -0.000118663 
v 13 1 41 3 5.94876e-05 
v 13 14 15 16 3.48543e-05 
v 13 15 17 16 1.2952e-05 
v 13 17 1 42 -9.46371e-06 
v 14 15 41 13 -4.23995e-05 
v 15 17 1 13 -1.76129e-05 
v 15 18 27 41 9.23583e-06 
v 16 15 17 42 5.36857e-06 
v 16 18 15 42 1.59572e-05 
v 17 2 18 1 -3.71757e-06 
v 17 13 16 42 -9.96169e-06 
v 17 18 15 1 1.74033e-05 
v 18 17 15 42 -1.19735e-05 
v 18 28 29 2 3.12292e-05 
v 19 11 20 21 -5.27596e-06 
v 19 35 43 20 -7.38748e-05 
v 19 49 51 23 6.77029e-06 
v 20 9 10 45 -5.29573e-05 
v 20 10 33 45 2.89633e-05 
v 20 11 9 21 -7.67552e-05 
v 21 20 52 45 9.44864e-05 
v 22 44 10 45 -8.21753e-06 
v 23 19 49 26 3.15439e-05 
v 23 24 25 26 2.22385e-05 
v 23 49 24 26 2.52506e-05 
v 26 23 19 21 3.76174e-06 
v 27 28 29 18 1.27108e-05 
v 27 29 38 30 -1.10766e-05 
v 28 29 38 27 3.9167e-05 
v 29 2 40 31 7.04892e-05 
v 29 18 2 30 -6.22807e-05 
v 29 27 18 30 9.05301e-06 
v 29 32 7 12 -2.71085e-05 
v 30 18 2 1 7.83784e-05 
v 30 27 18 1 3.01864e-05 
v 30 29 32 3 -6.95155e-05 
v 30 32 22 3 2.46949e-05 
v 30 41 1 3 3.28797e-05 
v 31 6 10 20 3.7272e-05 
v 31 35 6 20 3.39904e-05 
v 31 47 36 48 1.09218e-05 
v 32 7 22 3 2.2912e-05 
v 32 29 7 3 -4.08784e-05 
v 33 2 3 31 -7.68451e-05 
v 33 4 2 31 0.000105704 
v 33 44 4 46 -0.000100077 
v 34 35 11 8 -9.33044e-06 
v 34 43 37 51 -3.0934e-05 
v 35 6 12 31 -1.37074e-06 
v 35 34 11 19 -6.47976e-05 
v 35 43 34 19 -6.65286e-05 
v 36 12 35 37 -2.92811e-05 
v 36 31 48 43 1.84946e-05 
v 36 35 31 43 -0.000115342 
v 38 29 32 30 -3.84369e-05 
v 39 42 2 40 -5.71094e-05 
v 40 2 4 31 -6.55761e-06 
v 40 4 33 31 9.59365e-05 
v 40 28 29 31 -0.000181071 
v 41 15 18 1 -5.68457e-05 
v 41 18 27 1 -7.20209e-05 
v 41 27 30 1 -5.52098e-05 
v 42 2 17 4 4.17708e-06 
v 42 17 1 4 6.5931e-06 
v 43 35 34 37 3.5811e-05 
v 43 36 35 37 -2.8356e-05 
v 44 20 33 45 -4.08112e-05 
v 44 22 10 33 1.52092e-05 
v 46 25 50 47 8.67804e-05 
v 47 25 50 24 -3.6716e-05 
v 47 40 31 36 -2.74627e-05 
v 49 47 50 24 2.94932e-05 
v 49 51 48 19 -3.65104e-05 
v 50 39 46 47 -7.12362e-05 
v 51 34 43 19 -8.58381e-06 
v 51 43 48 19 4.07696e-05 
