x -1 -1 1 
x -1 1 1 
x -1 -1 -1 
x -1 1 -1 
x 1 -1 1 
x 1 1 1 
x 1 -1 -1 
x 1 1 -1 
x -1 -1 0 
x -1 1 0 
x 1 -1 0 
x 1 1 0 
x -1 0 1 
x -1 0 -1 
x 1 0 -1 
x 1 0 1 
x 1 0 0 
x -1 0 0 
x 0 -1 -1 
x 0 1 -1 
x 0 -1 1 
x 0 1 1 
x 0 1 0 
x 0 -1 0 
x 0 0 1 
x 0 0 -1 
f 10 14 18 
f 20 15 26 
f 12 16 17 
f 22 13 25 
f 11 21 24 
f 10 22 23 
f 4 23 20 
f 7 24 19 
f 8 17 15 
f 2 18 13 
f 13 9 1 
f 15 11 7 
f 25 1 21 
f 17 5 11 
f 26 7 19 
f 18 3 9 
f 14 19 3 
f 16 21 5 
f 19 9 3 
f 20 12 8 
f 23 6 12 
f 24 1 9 
f 6 25 16 
f 4 26 14 
f 10 4 14 
f 20 8 15 
f 12 6 16 
f 22 2 13 
f 11 5 21 
f 10 2 22 
f 4 10 23 
f 7 11 24 
f 8 12 17 
f 2 10 18 
f 13 18 9 
f 15 17 11 
f 25 13 1 
f 17 16 5 
f 26 15 7 
f 18 14 3 
f 14 26 19 
f 16 25 21 
f 19 24 9 
f 20 23 12 
f 23 22 6 
f 24 21 1 
f 6 22 25 
f 4 20 26 
c 1 2 2 
c 1 3 2 
c 1 4 2.82843 
c 1 10 2.23607 
c 1 11 2.23607 
c 1 16 2.23607 
c 1 17 2.44949 
c 1 24 1.41421 
c 2 3 2.82843 
c 2 4 2 
c 2 5 2.82843 
c 2 11 3 
c 2 14 2.23607 
c 2 16 2.23607 
c 2 17 2.44949 
c 2 18 1.41421 
c 2 19 3 
c 2 21 2.23607 
c 3 4 2 
c 3 5 2.82843 
c 3 10 2.23607 
c 3 11 2.23607 
c 3 13 2.23607 
c 3 14 1 
c 3 15 2.23607 
c 3 20 2.23607 
c 3 22 3 
c 3 23 2.44949 
c 4 5 3.4641 
c 4 10 1 
c 5 14 3 
c 5 15 2.23607 
c 5 21 1 
c 5 26 2.44949 
c 6 7 2.82843 
c 6 8 2 
c 6 9 3 
c 6 11 2.23607 
c 6 12 1 
c 6 13 2.23607 
c 7 8 2 
c 7 9 2.23607 
c 7 11 1 
c 7 13 3 
c 7 16 2.23607 
c 7 25 2.44949 
c 8 9 3 
c 8 11 2.23607 
c 8 16 2.23607 
c 8 24 2.44949 
c 10 11 2.82843 
c 10 12 2 
c 10 13 1.41421 
c 10 20 1.41421 
c 11 12 2 
c 11 13 2.44949 
c 11 16 1.41421 
c 11 24 1 
c 12 13 2.44949 
c 12 20 1.41421 
c 13 14 2 
c 13 16 2 
c 13 20 2.44949 
c 13 23 1.73205 
c 13 25 1 
c 14 15 2 
c 14 16 2.82843 
c 14 18 1 
c 14 19 1.41421 
c 14 21 2.44949 
c 14 22 2.44949 
c 14 23 1.73205 
c 15 21 2.44949 
c 15 22 2.44949 
c 15 26 1 
c 16 17 1 
c 16 18 2.23607 
c 16 23 1.73205 
c 16 24 1.73205 
c 16 25 1 
c 17 18 2 
c 17 19 1.73205 
c 17 24 1.41421 
c 18 19 1.73205 
c 18 23 1.41421 
c 18 25 1.41421 
c 19 21 2 
c 20 22 2 
c 20 23 1 
c 21 26 2.23607 
c 22 23 1 
c 23 25 1.41421 
v 1 2 3 4 -0 
v 1 3 11 10 -1.33333 
v 2 3 11 1 1.33333 
v 2 14 3 5 -0.666667 
v 2 16 17 1 -0.666667 
v 3 2 5 4 1.33333 
v 3 13 11 10 1 
v 3 14 15 5 -0.666667 
v 3 20 13 10 -0.5 
v 6 7 8 9 -1.33333 
v 7 11 6 8 -0 
v 8 7 11 16 -0 
v 10 1 3 4 0 
v 11 12 13 6 0.666667 
v 11 13 7 6 -0.666667 
v 11 16 2 1 0.666667 
v 11 24 16 1 -0.166667 
v 12 11 13 10 0.666667 
v 12 13 20 10 -0.333333 
v 13 7 25 16 -0 
v 13 11 7 16 0.333333 
v 13 14 23 3 0.333333 
v 14 13 23 16 -0.666667 
v 14 19 21 2 -0.333333 
v 15 14 21 5 0 
v 16 17 18 2 0.333333 
v 16 18 14 2 -0.333333 
v 16 24 17 1 -0.166667 
v 18 14 23 16 0.333333 
v 18 17 19 2 -0 
v 18 19 14 2 0.166667 
v 20 13 23 3 -0.166667 
v 20 23 22 3 0 
v 21 14 2 5 0.666667 
v 21 26 15 5 -0 
v 22 14 15 3 0.666667 
v 22 23 14 3 -0.166667 
v 23 25 18 16 0.166667 
v 24 8 11 16 -0.5 
v 25 23 13 16 0 
