x 1 1 -1 
x 1 -1 -1 
x 1 1 1 
x 1 -1 1 
x -1 1 -1 
x -1 -1 -1 
x -1 1 1 
x -1 -1 1 
f 5 3 1 
f 3 8 4 
f 7 6 8 
f 2 8 6 
f 1 4 2 
f 5 2 6 
f 5 7 3 
f 3 7 8 
f 7 5 6 
f 2 4 8 
f 1 3 4 
f 5 1 2 
c 1 2 2 
c 1 3 2 
c 1 4 2.82843 
c 1 5 2 
c 1 7 2.82843 
c 2 4 2 
c 2 5 2.82843 
c 2 6 2 
c 2 7 3.4641 
c 2 8 2.82843 
c 3 4 2 
c 3 7 2 
c 4 7 2.82843 
c 4 8 2 
c 5 6 2 
c 5 7 2 
c 5 8 2.82843 
c 6 8 2 
c 7 8 2 
v 2 6 8 5 1.33333 
v 2 7 1 5 1.33333 
v 2 8 7 5 1.33333 
v 3 7 1 4 1.33333 
v 4 7 1 2 1.33333 
v 4 8 7 2 1.33333 
