x 1.49999 1.5 -2.12132 
x 1.24999 1.9571 -1.56066 
x 0.85355 1.85355 -0.914216 
x 0.542896 1.25 -0.56067 
x 0.499998 0.5 -0.707108 
x 0.75 0.0429023 -1.26777 
x 1.14644 0.146446 -1.91422 
x 1.4571 0.750002 -2.26776 
x -0.750006 1.37132 -2.56066 
x -0.780337 1.84099 -1.95712 
x -0.646453 1.76777 -1.20711 
x -0.42678 1.19454 -0.750011 
x -0.25 0.457102 -0.853545 
x -0.219676 -0.0125539 -1.45711 
x -0.353561 0.0606633 -2.20711 
x -0.573233 0.633892 -2.66422 
x -2.56066 0.439338 -1.49999 
x -2.41421 0.999992 -0.999995 
x -1.85356 1.14645 -0.499996 
x -1.20711 0.792888 -0.292898 
x -0.853555 0.146446 -0.499998 
x -1.00001 -0.414208 -0.999998 
x -1.56066 -0.560662 -1.5 
x -2.20711 -0.207104 -1.7071 
x -2.87132 -0.750001 0.439346 
x -2.69455 -0.0732325 0.750004 
x -2.06067 0.35355 0.792899 
x -1.341 0.280322 0.542894 
x -0.957097 -0.249998 0.146447 
x -1.13389 -0.926774 -0.164206 
x -1.76778 -1.35356 -0.207101 
x -2.48745 -1.28033 0.0429039 
x -1.49999 -1.5 2.12132 
x -1.4571 -0.750002 2.26776 
x -1.14644 -0.146446 1.91422 
x -0.75 -0.0429023 1.26777 
x -0.499998 -0.5 0.707108 
x -0.542896 -1.25 0.56067 
x -0.85355 -1.85355 0.914216 
x -1.24999 -1.9571 1.56066 
x 0.750006 -1.37132 2.56066 
x 0.573233 -0.633892 2.66422 
x 0.353561 -0.0606633 2.20711 
x 0.219676 0.0125539 1.45711 
x 0.25 -0.457102 0.853545 
x 0.42678 -1.19454 0.750011 
x 0.646453 -1.76777 1.20711 
x 0.780337 -1.84099 1.95712 
x 2.56066 -0.439338 1.49999 
x 2.20711 0.207104 1.7071 
x 1.56066 0.560662 1.5 
x 1.00001 0.414208 0.999998 
x 0.853555 -0.146446 0.499998 
x 1.20711 -0.792888 0.292898 
x 1.85356 -1.14645 0.499996 
x 2.41421 -0.999992 0.999995 
x 2.87132 0.750001 -0.439346 
x 2.48745 1.28033 -0.0429039 
x 1.76778 1.35356 0.207101 
x 1.13389 0.926774 0.164206 
x 0.957097 0.249998 -0.146447 
x 1.341 -0.280322 -0.542894 
x 2.06067 -0.35355 -0.792899 
x 2.69455 0.0732325 -0.750004 
f 9 2 1 
f 10 3 2 
f 11 4 3 
f 4 13 5 
f 5 14 6 
f 14 7 6 
f 15 8 7 
f 16 1 8 
f 17 10 9 
f 18 11 10 
f 19 12 11 
f 12 21 13 
f 21 14 13 
f 22 15 14 
f 23 16 15 
f 24 9 16 
f 25 18 17 
f 26 19 18 
f 27 20 19 
f 28 21 20 
f 29 22 21 
f 30 23 22 
f 31 24 23 
f 32 17 24 
f 33 26 25 
f 34 27 26 
f 27 36 28 
f 28 37 29 
f 37 30 29 
f 30 39 31 
f 31 40 32 
f 40 25 32 
f 41 34 33 
f 34 43 35 
f 43 36 35 
f 44 37 36 
f 37 46 38 
f 46 39 38 
f 47 40 39 
f 48 33 40 
f 49 42 41 
f 50 43 42 
f 51 44 43 
f 52 45 44 
f 53 46 45 
f 46 55 47 
f 47 56 48 
f 56 41 48 
f 57 50 49 
f 50 59 51 
f 51 60 52 
f 60 53 52 
f 61 54 53 
f 62 55 54 
f 63 56 55 
f 56 57 49 
f 1 58 57 
f 2 59 58 
f 59 4 60 
f 60 5 61 
f 61 6 62 
f 6 63 62 
f 63 8 64 
f 8 57 64 
f 9 10 2 
f 10 11 3 
f 11 12 4 
f 4 12 13 
f 5 13 14 
f 14 15 7 
f 15 16 8 
f 16 9 1 
f 17 18 10 
f 18 19 11 
f 19 20 12 
f 12 20 21 
f 21 22 14 
f 22 23 15 
f 23 24 16 
f 24 17 9 
f 25 26 18 
f 26 27 19 
f 27 28 20 
f 28 29 21 
f 29 30 22 
f 30 31 23 
f 31 32 24 
f 32 25 17 
f 33 34 26 
f 34 35 27 
f 27 35 36 
f 28 36 37 
f 37 38 30 
f 30 38 39 
f 31 39 40 
f 40 33 25 
f 41 42 34 
f 34 42 43 
f 43 44 36 
f 44 45 37 
f 37 45 46 
f 46 47 39 
f 47 48 40 
f 48 41 33 
f 49 50 42 
f 50 51 43 
f 51 52 44 
f 52 53 45 
f 53 54 46 
f 46 54 55 
f 47 55 56 
f 56 49 41 
f 57 58 50 
f 50 58 59 
f 51 59 60 
f 60 61 53 
f 61 62 54 
f 62 63 55 
f 63 64 56 
f 56 64 57 
f 1 2 58 
f 2 3 59 
f 59 3 4 
f 60 4 5 
f 61 5 6 
f 6 7 63 
f 63 7 8 
f 8 1 57 
c 1 2 0.765363 
c 1 8 0.765363 
c 1 9 2.2961 
c 1 10 2.31152 
c 1 16 2.31152 
c 1 57 2.2961 
c 1 58 2.31152 
c 1 64 2.31152 
c 2 3 0.765363 
c 2 4 1.4142 
c 2 8 1.4142 
c 2 9 2.31152 
c 2 10 2.07193 
c 2 11 1.93839 
c 2 12 2.01252 
c 2 14 2.45971 
c 2 57 2.31152 
c 2 58 2.07193 
c 2 59 1.93839 
c 2 60 2.01252 
c 3 4 0.765363 
c 3 10 1.9384 
c 3 11 1.53074 
c 3 12 1.44931 
c 3 19 2.82843 
c 3 20 2.39945 
c 3 27 3.69553 
c 3 35 4 
c 3 51 2.82843 
c 3 58 1.9384 
c 3 59 1.53074 
c 3 60 1.44931 
c 4 5 0.765363 
c 4 6 1.4142 
c 4 8 1.99998 
c 4 12 0.989544 
c 4 13 1.15894 
c 4 14 1.72602 
c 4 20 1.82844 
c 4 51 2.39945 
c 4 52 1.82844 
c 4 60 0.989544 
c 4 61 1.15894 
c 5 6 0.765363 
c 5 12 1.15894 
c 5 13 0.765363 
c 5 14 1.15894 
c 5 60 1.15894 
c 5 61 0.765363 
c 5 62 1.15894 
c 6 7 0.765363 
c 6 8 1.4142 
c 6 13 1.15894 
c 6 14 0.989544 
c 6 22 1.82844 
c 6 23 2.39945 
c 6 54 1.82844 
c 6 55 2.39945 
c 6 60 1.72602 
c 6 61 1.15894 
c 6 62 0.989544 
c 7 8 0.765363 
c 7 14 1.44931 
c 7 15 1.53074 
c 7 16 1.9384 
c 7 23 2.82843 
c 7 39 4 
c 7 55 2.82843 
c 7 62 1.44931 
c 7 63 1.53074 
c 7 64 1.9384 
c 8 9 2.31152 
c 8 14 2.01252 
c 8 15 1.93839 
c 8 16 2.07193 
c 8 57 2.31152 
c 8 60 2.45971 
c 8 62 2.01252 
c 8 63 1.93839 
c 8 64 2.07193 
c 9 10 0.765357 
c 9 12 1.84775 
c 9 14 1.84775 
c 9 16 0.765357 
c 9 17 2.2961 
c 9 18 2.31152 
c 9 24 2.31152 
c 10 11 0.765369 
c 10 12 1.41421 
c 10 17 2.31152 
c 10 18 2.07193 
c 10 19 1.9384 
c 11 12 0.765369 
c 11 18 1.93839 
c 11 19 1.53074 
c 11 27 2.82844 
c 11 51 3.69553 
c 11 59 2.82844 
c 12 13 0.765368 
c 12 14 1.4142 
c 12 18 2.01252 
c 12 19 1.44931 
c 12 20 0.989544 
c 12 21 1.15894 
c 13 14 0.765368 
c 13 20 1.15894 
c 13 21 0.765363 
c 13 22 1.15894 
c 13 29 1.4142 
c 13 45 1.99998 
c 13 52 2.23606 
c 13 61 1.4142 
c 14 15 0.765369 
c 14 16 1.41421 
c 14 18 2.45971 
c 14 20 1.72602 
c 14 21 1.15894 
c 14 22 0.989544 
c 14 23 1.44931 
c 14 24 2.01252 
c 15 16 0.765369 
c 15 23 1.53074 
c 15 24 1.93839 
c 15 63 2.82844 
c 16 17 2.31152 
c 16 23 1.9384 
c 16 24 2.07193 
c 17 18 0.765363 
c 17 24 0.765363 
c 17 25 2.2961 
c 17 26 2.31152 
c 17 32 2.31152 
c 18 19 0.765363 
c 18 20 1.4142 
c 18 22 1.99998 
c 18 24 1.4142 
c 18 25 2.31152 
c 18 26 2.07193 
c 18 27 1.93839 
c 18 28 2.01252 
c 18 30 2.45971 
c 19 20 0.765363 
c 19 26 1.9384 
c 19 27 1.53074 
c 19 28 1.44931 
c 19 35 2.82843 
c 19 36 2.39945 
c 19 51 4 
c 20 21 0.765363 
c 20 22 1.4142 
c 20 24 1.99998 
c 20 28 0.989544 
c 20 29 1.15894 
c 20 30 1.72602 
c 20 36 1.82844 
c 20 51 3.3059 
c 20 52 2.5858 
c 21 22 0.765363 
c 21 28 1.15894 
c 21 29 0.765363 
c 21 30 1.15894 
c 22 23 0.765363 
c 22 24 1.4142 
c 22 29 1.15894 
c 22 30 0.989544 
c 22 38 1.82844 
c 22 45 2.23606 
c 22 54 2.5858 
c 22 61 2.23606 
c 23 24 0.765363 
c 23 30 1.44931 
c 23 31 1.53074 
c 23 32 1.9384 
c 23 38 2.39945 
c 23 39 2.82843 
c 23 47 3.69553 
c 23 54 3.3059 
c 23 55 4 
c 23 63 3.69553 
c 24 25 2.31152 
c 24 30 2.01252 
c 24 31 1.93839 
c 24 32 2.07193 
c 25 26 0.765357 
c 25 28 1.84775 
c 25 30 1.84775 
c 25 32 0.765357 
c 25 33 2.2961 
c 25 34 2.31152 
c 25 40 2.31152 
c 26 27 0.765369 
c 26 28 1.41421 
c 26 33 2.31152 
c 26 34 2.07193 
c 26 35 1.9384 
c 27 28 0.765369 
c 27 34 1.93839 
c 27 35 1.53074 
c 27 43 2.82844 
c 27 51 3.69553 
c 28 29 0.765368 
c 28 30 1.4142 
c 28 34 2.01252 
c 28 35 1.44931 
c 28 36 0.989544 
c 28 37 1.15894 
c 29 30 0.765368 
c 29 36 1.15894 
c 29 37 0.765363 
c 29 38 1.15894 
c 29 45 1.4142 
c 29 52 2.23606 
c 30 31 0.765369 
c 30 32 1.41421 
c 30 34 2.45971 
c 30 36 1.72602 
c 30 37 1.15894 
c 30 38 0.989544 
c 30 39 1.44931 
c 30 40 2.01252 
c 31 32 0.765369 
c 31 39 1.53074 
c 31 40 1.93839 
c 31 47 2.82844 
c 32 33 2.31152 
c 32 39 1.9384 
c 32 40 2.07193 
c 33 34 0.765363 
c 33 40 0.765363 
c 33 41 2.2961 
c 33 42 2.31152 
c 33 48 2.31152 
c 34 35 0.765363 
c 34 36 1.4142 
c 34 38 1.99998 
c 34 40 1.4142 
c 34 41 2.31152 
c 34 42 2.07193 
c 34 43 1.93839 
c 34 44 2.01252 
c 35 36 0.765363 
c 35 42 1.9384 
c 35 43 1.53074 
c 35 44 1.44931 
c 35 51 2.82843 
c 36 37 0.765363 
c 36 38 1.4142 
c 36 44 0.989544 
c 36 45 1.15894 
c 36 51 2.39945 
c 36 52 1.82844 
c 37 38 0.765363 
c 37 44 1.15894 
c 37 45 0.765363 
c 37 46 1.15894 
c 38 39 0.765363 
c 38 40 1.4142 
c 38 44 1.72602 
c 38 45 1.15894 
c 38 46 0.989544 
c 38 54 1.82844 
c 39 40 0.765363 
c 39 46 1.44931 
c 39 47 1.53074 
c 39 48 1.9384 
c 39 54 2.39945 
c 39 55 2.82843 
c 39 63 3.69553 
c 40 41 2.31152 
c 40 44 2.45971 
c 40 46 2.01252 
c 40 47 1.93839 
c 40 48 2.07193 
c 41 42 0.765357 
c 41 44 1.84775 
c 41 46 1.84775 
c 41 48 0.765357 
c 41 49 2.2961 
c 41 50 2.31152 
c 41 56 2.31152 
c 42 43 0.765369 
c 42 44 1.41421 
c 42 49 2.31152 
c 42 50 2.07193 
c 42 51 1.9384 
c 43 44 0.765369 
c 43 50 1.93839 
c 43 51 1.53074 
c 44 45 0.765368 
c 44 46 1.4142 
c 44 50 2.01252 
c 44 51 1.44931 
c 44 52 0.989544 
c 44 53 1.15894 
c 44 54 1.72602 
c 44 56 2.45971 
c 45 46 0.765368 
c 45 52 1.15894 
c 45 53 0.765363 
c 45 54 1.15894 
c 45 61 1.4142 
c 46 47 0.765369 
c 46 48 1.41421 
c 46 53 1.15894 
c 46 54 0.989544 
c 46 55 1.44931 
c 46 56 2.01252 
c 47 48 0.765369 
c 47 55 1.53074 
c 47 56 1.93839 
c 47 63 2.82844 
c 48 49 2.31152 
c 48 55 1.9384 
c 48 56 2.07193 
c 49 50 0.765363 
c 49 56 0.765363 
c 49 57 2.2961 
c 49 58 2.31152 
c 49 64 2.31152 
c 50 51 0.765363 
c 50 52 1.4142 
c 50 54 1.99998 
c 50 56 1.4142 
c 50 57 2.31152 
c 50 58 2.07193 
c 50 59 1.93839 
c 50 60 2.01252 
c 51 52 0.765363 
c 51 58 1.9384 
c 51 59 1.53074 
c 51 60 1.44931 
c 52 53 0.765363 
c 52 54 1.4142 
c 52 56 1.99998 
c 52 60 0.989544 
c 52 61 1.15894 
c 53 54 0.765363 
c 53 60 1.15894 
c 53 61 0.765363 
c 53 62 1.15894 
c 54 55 0.765363 
c 54 56 1.4142 
c 54 60 1.72602 
c 54 61 1.15894 
c 54 62 0.989544 
c 55 56 0.765363 
c 55 62 1.44931 
c 55 63 1.53074 
c 55 64 1.9384 
c 56 57 2.31152 
c 56 60 2.45971 
c 56 62 2.01252 
c 56 63 1.93839 
c 56 64 2.07193 
c 57 58 0.765357 
c 57 60 1.84775 
c 57 62 1.84775 
c 57 64 0.765357 
c 58 59 0.765369 
c 58 60 1.41421 
c 59 60 0.765369 
c 60 61 0.765368 
c 60 62 1.4142 
c 61 62 0.765368 
c 62 63 0.765369 
c 62 64 1.41421 
c 63 64 0.765369 
v 22 14 24 18 0.304734 
v 1 9 16 8 4.08091e-06 
v 50 60 57 56 0.770206 
v 38 36 34 44 0.304734 
v 30 23 38 39 0.0522866 
v 9 24 17 16 4.08091e-06 
v 14 24 23 22 0.0631146 
v 2 57 58 60 0.319032 
v 29 38 22 45 0.215479 
v 13 14 21 12 0.0488182 
v 29 21 30 28 0.0488182 
v 36 30 38 34 0.304734 
v 8 57 60 62 0.770206 
v 33 32 25 40 4.08091e-06 
v 34 40 38 44 0.304734 
v 18 24 17 9 0.146449 
v 22 29 45 13 0.235695 
v 22 21 30 29 1.22682e-06 
v 21 22 30 20 0.0631146 
v 20 19 36 51 0.25246 
v 23 14 22 6 0.0338006 
v 52 20 36 51 0.163203 
v 31 23 24 30 0.0976331 
v 22 23 38 30 0.0338006 
v 11 27 19 3 1.3084e-16 
v 32 30 25 40 0.319032 
v 35 19 27 3 1.96265e-16 
v 12 14 4 5 0.0631146 
v 10 18 17 9 4.08091e-06 
v 50 44 56 41 0.770206 
v 20 14 22 18 0.304734 
v 22 24 23 30 0.0631146 
v 29 37 36 28 1.22682e-06 
v 30 36 38 37 0.0631146 
v 29 30 37 28 0.0488182 
v 24 31 30 32 0.132152 
v 40 30 25 34 0.770206 
v 27 34 26 28 0.132152 
v 38 22 30 29 0.0815993 
v 1 8 64 57 4.08091e-06 
v 14 22 21 20 0.0631146 
v 40 39 47 48 2.45938e-07 
v 55 7 23 6 0.390533 
v 13 12 4 5 1.22682e-06 
v 30 38 29 37 1.22682e-06 
v 30 31 23 39 0.0808834 
v 55 23 54 6 0.25246 
v 23 31 24 32 2.45938e-07 
v 25 30 24 18 0.770206 
v 40 38 30 34 0.304734 
v 30 24 32 25 0.319032 
v 58 60 50 59 0.132152 
v 24 25 18 17 0.146449 
v 37 29 36 45 0.0488157 
v 14 4 2 12 0.304734 
v 37 30 36 28 0.0631146 
v 42 34 44 41 0.319032 
v 37 38 29 45 0.0488157 
v 60 57 58 50 0.319032 
v 20 12 14 18 0.304734 
v 20 22 24 18 5.23355e-17 
v 34 30 25 28 0.770206 
v 30 22 24 20 0.304734 
v 26 27 28 18 0.132152 
v 57 2 8 60 0.770206 
v 60 5 4 6 0.0631146 
v 58 2 60 59 0.132152 
v 2 4 8 60 0.304734 
v 12 13 4 20 0.0815993 
v 4 14 2 8 0.304734 
v 9 2 14 8 0.770206 
v 3 35 19 51 -0 
v 3 4 2 60 0.0631146 
v 38 30 39 40 0.0631146 
v 39 30 31 40 0.0976331 
v 39 31 32 40 2.45938e-07 
v 32 31 30 40 0.132152 
v 36 29 28 20 0.0815993 
v 25 33 40 34 0.146449 
v 33 25 26 34 4.08091e-06 
v 44 40 38 46 0.304734 
v 23 39 55 54 0.390533 
v 36 37 45 44 1.22682e-06 
v 37 36 38 44 0.0631146 
v 34 36 35 44 0.0631146 
v 5 4 61 60 1.22682e-06 
v 60 3 4 51 0.0522866 
v 16 9 14 8 0.319032 
v 24 30 20 18 0.304734 
v 22 14 21 13 1.22682e-06 
v 29 22 21 13 0.0488157 
v 34 26 35 27 2.45938e-07 
v 28 19 20 18 0.0631146 
v 20 19 12 18 0.0631146 
v 61 13 5 6 0.0488157 
v 28 21 30 20 0.0631146 
v 34 25 26 28 0.319032 
v 28 30 25 18 0.770206 
v 8 62 7 63 0.0976331 
v 18 25 26 17 4.08091e-06 
v 2 9 1 8 0.146449 
v 19 27 26 18 2.45938e-07 
v 27 19 28 18 0.0976331 
v 11 18 19 10 2.45938e-07 
v 28 25 26 18 0.319032 
v 34 36 30 28 0.304734 
v 35 34 27 28 0.0976331 
v 36 34 35 28 0.0631146 
v 24 14 23 15 0.0976331 
v 60 52 61 53 1.22682e-06 
v 62 5 60 6 0.0631146 
v 12 14 21 20 0.0631146 
v 28 29 21 20 1.22682e-06 
v 18 19 12 11 0.0976331 
v 19 35 27 28 0.0808834 
v 36 35 19 28 0.0522866 
v 21 13 12 20 1.22682e-06 
v 21 29 13 20 0.0488157 
v 19 36 28 20 0.0338006 
v 30 28 20 18 0.304734 
v 25 24 32 17 4.08091e-06 
v 2 3 60 59 0.0976331 
v 11 19 12 3 0.0808834 
v 23 24 15 16 2.45938e-07 
v 14 15 16 8 0.132152 
v 19 20 12 3 0.0522866 
v 1 2 8 57 0.146449 
v 12 18 11 10 0.132152 
v 2 12 11 10 0.132152 
v 10 12 18 9 0.319032 
v 18 14 24 9 0.770206 
v 57 8 64 62 0.319032 
v 18 12 14 9 0.770206 
v 10 2 12 9 0.319032 
v 2 14 12 9 0.770206 
v 20 13 4 52 0.393994 
v 35 44 51 43 0.0808834 
v 45 36 44 52 0.0815993 
v 20 4 3 51 0.25246 
v 9 14 24 16 0.319032 
v 15 24 14 16 0.132152 
v 23 22 38 54 0.163203 
v 64 8 7 63 2.45938e-07 
v 15 14 23 7 0.0808834 
v 4 13 5 61 0.0488157 
v 52 45 61 53 0.0488157 
v 61 45 22 54 0.430958 
v 9 10 2 1 4.08091e-06 
v 8 4 14 6 0.304734 
v 55 39 46 54 0.0522866 
v 3 11 27 51 1.26352e-16 
v 12 4 2 3 0.0631146 
v 12 2 11 3 0.0976331 
v 4 12 20 3 0.0338006 
v 12 13 14 5 0.0488182 
v 54 61 62 6 0.0815993 
v 62 8 64 63 0.132152 
v 8 14 15 7 0.0976331 
v 8 15 16 7 2.45938e-07 
v 56 48 41 46 0.319032 
v 11 2 10 3 2.45938e-07 
v 46 45 53 54 1.22682e-06 
v 61 22 13 6 0.215479 
v 56 57 64 62 0.319032 
v 46 39 38 54 0.0338006 
v 4 52 60 51 0.0338006 
v 62 7 55 6 0.0522866 
v 45 22 13 61 0.235695 
v 56 60 57 62 0.770206 
v 48 49 56 41 4.08091e-06 
v 57 1 2 58 4.08091e-06 
v 52 61 4 60 0.0815993 
v 43 34 44 42 0.132152 
v 22 61 54 6 0.393994 
v 62 55 54 6 0.0338006 
v 51 27 35 43 0 
v 54 23 22 6 0.163203 
v 60 8 62 6 0.304734 
v 50 51 43 42 2.45938e-07 
v 35 36 19 51 0.390533 
v 35 34 44 43 0.0976331 
v 61 4 13 52 0.215479 
v 13 45 61 52 0.235695 
v 20 29 13 52 0.430958 
v 13 29 45 52 0.235695 
v 20 36 29 52 0.393994 
v 45 29 36 52 0.215479 
v 3 2 58 59 2.45938e-07 
v 51 44 50 43 0.0976331 
v 3 19 20 51 0.390533 
v 40 44 41 46 0.770206 
v 44 34 40 41 0.770206 
v 7 39 23 63 -0 
v 43 35 34 42 2.45938e-07 
v 49 57 64 56 4.08091e-06 
v 27 35 3 51 8.93443e-17 
v 4 20 52 51 0.163203 
v 47 39 46 55 0.0808834 
v 45 44 46 53 0.0488182 
v 39 31 23 47 6.54215e-17 
v 56 49 50 41 0.146449 
v 13 22 14 6 0.0815993 
v 11 3 59 51 -5.23361e-17 
v 52 36 44 51 0.0338006 
v 44 36 35 51 0.0522866 
v 52 44 50 51 0.0631146 
v 7 62 55 63 0.0808834 
v 59 3 60 51 0.0808834 
v 59 60 50 51 0.0976331 
v 60 52 50 51 0.0631146 
v 47 40 48 46 0.132152 
v 50 58 59 51 2.45938e-07 
v 5 13 14 6 1.22682e-06 
v 49 50 57 56 0.146449 
v 56 47 48 46 0.132152 
v 34 33 40 41 0.146449 
v 50 57 58 49 4.08091e-06 
v 55 56 64 63 2.45938e-07 
v 50 49 42 41 4.08091e-06 
v 42 44 50 41 0.319032 
v 46 56 47 55 0.0976331 
v 43 44 50 42 0.132152 
v 33 34 42 41 4.08091e-06 
v 40 33 48 41 4.08091e-06 
v 44 45 52 53 1.22682e-06 
v 41 44 56 46 0.770206 
v 55 47 39 63 1.57012e-16 
v 44 52 50 56 0.304734 
v 39 23 38 54 0.25246 
v 23 15 7 63 -0 
v 23 39 47 63 6.31757e-17 
v 48 40 41 46 0.319032 
v 62 8 7 6 0.0631146 
v 7 8 14 6 0.0631146 
v 56 55 54 62 0.0631146 
v 60 56 54 62 0.304734 
v 39 40 47 46 0.0976331 
v 39 38 40 46 0.0631146 
v 53 45 61 54 0.0488157 
v 38 45 46 54 0.0815993 
v 55 39 7 63 1.26351e-16 
v 61 60 53 62 0.0488182 
v 61 53 54 62 1.22682e-06 
v 45 38 22 54 0.393994 
v 54 53 60 62 0.0631146 
v 61 5 60 62 0.0488182 
v 38 37 44 46 0.0631146 
v 44 37 45 46 0.0488182 
v 45 37 38 46 1.22682e-06 
v 62 56 55 63 0.0976331 
v 39 7 23 55 0 
v 64 56 62 63 0.132152 
v 47 56 48 55 2.45938e-07 
v 5 14 4 6 0.0631146 
v 62 61 5 6 1.22682e-06 
v 60 4 8 6 0.304734 
v 7 14 23 6 0.0522866 
v 56 50 60 54 0.304734 
v 56 52 50 54 7.85033e-17 
v 52 60 50 54 0.304734 
v 46 44 56 54 0.304734 
v 56 44 52 54 0.304734 
v 52 44 53 54 0.0631146 
v 53 44 46 54 0.0631146 
v 55 46 56 54 0.0631146 
v 53 60 52 54 0.0631146 
