x 1.5 0 0 
x 1.43301 0.25 0 
x 1.25 0.43301 0 
x 1 0.5 0 
x 0.75 0.43301 0 
x 0.56699 0.25 0 
x 0.5 0 0 
x 0.56699 -0.25 0 
x 0.75 -0.43301 0 
x 1 -0.5 0 
x 1.25 -0.43301 0 
x 1.43301 -0.25 0 
x 1.29904 0 -0.75 
x 1.24103 0.25 -0.71651 
x 1.08253 0.43301 -0.625 
x 0.86603 0.5 -0.5 
x 0.64952 0.43301 -0.375 
x 0.49103 0.25 -0.28349 
x 0.43301 0 -0.25 
x 0.49103 -0.25 -0.28349 
x 0.64952 -0.43301 -0.375 
x 0.86603 -0.5 -0.5 
x 1.08253 -0.43301 -0.625 
x 1.24103 -0.25 -0.71651 
x 0.75 0 -1.29904 
x 0.71651 0.25 -1.24103 
x 0.625 0.43301 -1.08253 
x 0.5 0.5 -0.86603 
x 0.375 0.43301 -0.64952 
x 0.28349 0.25 -0.49103 
x 0.25 0 -0.43301 
x 0.28349 -0.25 -0.49103 
x 0.375 -0.43301 -0.64952 
x 0.5 -0.5 -0.86603 
x 0.625 -0.43301 -1.08253 
x 0.71651 -0.25 -1.24103 
x 0 0 -1.5 
x 0 0.25 -1.43301 
x 0 0.43301 -1.25 
x 0 0.5 -1 
x 0 0.43301 -0.75 
x 0 0.25 -0.56699 
x 0 0 -0.5 
x 0 -0.25 -0.56699 
x 0 -0.43301 -0.75 
x 0 -0.5 -1 
x 0 -0.43301 -1.25 
x 0 -0.25 -1.43301 
x -0.75 0 -1.29904 
x -0.71651 0.25 -1.24103 
x -0.625 0.43301 -1.08253 
x -0.5 0.5 -0.86603 
x -0.375 0.43301 -0.64952 
x -0.28349 0.25 -0.49103 
x -0.25 0 -0.43301 
x -0.28349 -0.25 -0.49103 
x -0.375 -0.43301 -0.64952 
x -0.5 -0.5 -0.86603 
x -0.625 -0.43301 -1.08253 
x -0.71651 -0.25 -1.24103 
x -1.29904 0 -0.75 
x -1.24103 0.25 -0.71651 
x -1.08253 0.43301 -0.625 
x -0.86603 0.5 -0.5 
x -0.64952 0.43301 -0.375 
x -0.49103 0.25 -0.28349 
x -0.43301 0 -0.25 
x -0.49103 -0.25 -0.28349 
x -0.64952 -0.43301 -0.375 
x -0.86603 -0.5 -0.5 
x -1.08253 -0.43301 -0.625 
x -1.24103 -0.25 -0.71651 
x -1.5 0 -0 
x -1.43301 0.25 -0 
x -1.25 0.43301 -0 
x -1 0.5 -0 
x -0.75 0.43301 -0 
x -0.56699 0.25 -0 
x -0.5 0 -0 
x -0.56699 -0.25 -0 
x -0.75 -0.43301 -0 
x -1 -0.5 -0 
x -1.25 -0.43301 -0 
x -1.43301 -0.25 -0 
x -1.29904 0 0.75 
x -1.24103 0.25 0.71651 
x -1.08253 0.43301 0.625 
x -0.86603 0.5 0.5 
x -0.64952 0.43301 0.375 
x -0.49103 0.25 0.28349 
x -0.43301 0 0.25 
x -0.49103 -0.25 0.28349 
x -0.64952 -0.43301 0.375 
x -0.86603 -0.5 0.5 
x -1.08253 -0.43301 0.625 
x -1.24103 -0.25 0.71651 
x -0.75 0 1.29904 
x -0.71651 0.25 1.24103 
x -0.625 0.43301 1.08253 
x -0.5 0.5 0.86603 
x -0.375 0.43301 0.64952 
x -0.28349 0.25 0.49103 
x -0.25 0 0.43301 
x -0.28349 -0.25 0.49103 
x -0.375 -0.43301 0.64952 
x -0.5 -0.5 0.86603 
x -0.625 -0.43301 1.08253 
x -0.71651 -0.25 1.24103 
x 0 0 1.5 
x 0 0.25 1.43301 
x 0 0.43301 1.25 
x 0 0.5 1 
x 0 0.43301 0.75 
x 0 0.25 0.56699 
x 0 0 0.5 
x 0 -0.25 0.56699 
x 0 -0.43301 0.75 
x 0 -0.5 1 
x 0 -0.43301 1.25 
x 0 -0.25 1.43301 
x 0.75 0 1.29904 
x 0.71651 0.25 1.24103 
x 0.625 0.43301 1.08253 
x 0.5 0.5 0.86603 
x 0.375 0.43301 0.64952 
x 0.28349 0.25 0.49103 
x 0.25 0 0.43301 
x 0.28349 -0.25 0.49103 
x 0.375 -0.43301 0.64952 
x 0.5 -0.5 0.86603 
x 0.625 -0.43301 1.08253 
x 0.71651 -0.25 1.24103 
x 1.29904 0 0.75 
x 1.24103 0.25 0.71651 
x 1.08253 0.43301 0.625 
x 0.86603 0.5 0.5 
x 0.64952 0.43301 0.375 
x 0.49103 0.25 0.28349 
x 0.43301 0 0.25 
x 0.49103 -0.25 0.28349 
x 0.64952 -0.43301 0.375 
x 0.86603 -0.5 0.5 
x 1.08253 -0.43301 0.625 
x 1.24103 -0.25 0.71651 
f 13 2 1 
f 14 3 2 
f 15 4 3 
f 16 5 4 
f 17 6 5 
f 18 7 6 
f 19 8 7 
f 8 21 9 
f 21 10 9 
f 22 11 10 
f 23 12 11 
f 24 1 12 
f 25 14 13 
f 14 27 15 
f 27 16 15 
f 28 17 16 
f 17 30 18 
f 18 31 19 
f 31 20 19 
f 32 21 20 
f 33 22 21 
f 34 23 22 
f 35 24 23 
f 36 13 24 
f 37 26 25 
f 38 27 26 
f 39 28 27 
f 40 29 28 
f 41 30 29 
f 42 31 30 
f 43 32 31 
f 44 33 32 
f 45 34 33 
f 46 35 34 
f 47 36 35 
f 48 25 36 
f 49 38 37 
f 50 39 38 
f 51 40 39 
f 52 41 40 
f 53 42 41 
f 54 43 42 
f 55 44 43 
f 44 57 45 
f 57 46 45 
f 58 47 46 
f 59 48 47 
f 60 37 48 
f 49 62 50 
f 62 51 50 
f 63 52 51 
f 64 53 52 
f 65 54 53 
f 66 55 54 
f 55 68 56 
f 56 69 57 
f 69 58 57 
f 58 71 59 
f 71 60 59 
f 72 49 60 
f 73 62 61 
f 74 63 62 
f 75 64 63 
f 76 65 64 
f 77 66 65 
f 78 67 66 
f 79 68 67 
f 80 69 68 
f 81 70 69 
f 70 83 71 
f 83 72 71 
f 84 61 72 
f 85 74 73 
f 74 87 75 
f 75 88 76 
f 88 77 76 
f 89 78 77 
f 78 91 79 
f 91 80 79 
f 92 81 80 
f 93 82 81 
f 82 95 83 
f 95 84 83 
f 96 73 84 
f 97 86 85 
f 98 87 86 
f 99 88 87 
f 100 89 88 
f 101 90 89 
f 102 91 90 
f 103 92 91 
f 92 105 93 
f 93 106 94 
f 106 95 94 
f 107 96 95 
f 108 85 96 
f 109 98 97 
f 110 99 98 
f 111 100 99 
f 112 101 100 
f 101 114 102 
f 114 103 102 
f 115 104 103 
f 116 105 104 
f 105 118 106 
f 118 107 106 
f 119 108 107 
f 120 97 108 
f 121 110 109 
f 122 111 110 
f 123 112 111 
f 124 113 112 
f 125 114 113 
f 126 115 114 
f 127 116 115 
f 128 117 116 
f 129 118 117 
f 130 119 118 
f 131 120 119 
f 132 109 120 
f 133 122 121 
f 134 123 122 
f 135 124 123 
f 136 125 124 
f 137 126 125 
f 138 127 126 
f 127 140 128 
f 140 129 128 
f 141 130 129 
f 142 131 130 
f 131 144 132 
f 144 121 132 
f 1 134 133 
f 2 135 134 
f 3 136 135 
f 4 137 136 
f 5 138 137 
f 6 139 138 
f 7 140 139 
f 8 141 140 
f 9 142 141 
f 10 143 142 
f 11 144 143 
f 12 133 144 
f 13 14 2 
f 14 15 3 
f 15 16 4 
f 16 17 5 
f 17 18 6 
f 18 19 7 
f 19 20 8 
f 8 20 21 
f 21 22 10 
f 22 23 11 
f 23 24 12 
f 24 13 1 
f 25 26 14 
f 14 26 27 
f 27 28 16 
f 28 29 17 
f 17 29 30 
f 18 30 31 
f 31 32 20 
f 32 33 21 
f 33 34 22 
f 34 35 23 
f 35 36 24 
f 36 25 13 
f 37 38 26 
f 38 39 27 
f 39 40 28 
f 40 41 29 
f 41 42 30 
f 42 43 31 
f 43 44 32 
f 44 45 33 
f 45 46 34 
f 46 47 35 
f 47 48 36 
f 48 37 25 
f 49 50 38 
f 50 51 39 
f 51 52 40 
f 52 53 41 
f 53 54 42 
f 54 55 43 
f 55 56 44 
f 44 56 57 
f 57 58 46 
f 58 59 47 
f 59 60 48 
f 60 49 37 
f 49 61 62 
f 62 63 51 
f 63 64 52 
f 64 65 53 
f 65 66 54 
f 66 67 55 
f 55 67 68 
f 56 68 69 
f 69 70 58 
f 58 70 71 
f 71 72 60 
f 72 61 49 
f 73 74 62 
f 74 75 63 
f 75 76 64 
f 76 77 65 
f 77 78 66 
f 78 79 67 
f 79 80 68 
f 80 81 69 
f 81 82 70 
f 70 82 83 
f 83 84 72 
f 84 73 61 
f 85 86 74 
f 74 86 87 
f 75 87 88 
f 88 89 77 
f 89 90 78 
f 78 90 91 
f 91 92 80 
f 92 93 81 
f 93 94 82 
f 82 94 95 
f 95 96 84 
f 96 85 73 
f 97 98 86 
f 98 99 87 
f 99 100 88 
f 100 101 89 
f 101 102 90 
f 102 103 91 
f 103 104 92 
f 92 104 105 
f 93 105 106 
f 106 107 95 
f 107 108 96 
f 108 97 85 
f 109 110 98 
f 110 111 99 
f 111 112 100 
f 112 113 101 
f 101 113 114 
f 114 115 103 
f 115 116 104 
f 116 117 105 
f 105 117 118 
f 118 119 107 
f 119 120 108 
f 120 109 97 
f 121 122 110 
f 122 123 111 
f 123 124 112 
f 124 125 113 
f 125 126 114 
f 126 127 115 
f 127 128 116 
f 128 129 117 
f 129 130 118 
f 130 131 119 
f 131 132 120 
f 132 121 109 
f 133 134 122 
f 134 135 123 
f 135 136 124 
f 136 137 125 
f 137 138 126 
f 138 139 127 
f 127 139 140 
f 140 141 129 
f 141 142 130 
f 142 143 131 
f 131 143 144 
f 144 133 121 
f 1 2 134 
f 2 3 135 
f 3 4 136 
f 4 5 137 
f 5 6 138 
f 6 7 139 
f 7 8 140 
f 8 9 141 
f 9 10 142 
f 10 11 143 
f 11 12 144 
f 12 1 133 
c 1 2 0.25882 
c 1 12 0.25882 
c 1 13 0.776457 
c 1 14 0.801843 
c 1 24 0.801843 
c 1 133 0.776457 
c 1 134 0.801843 
c 1 144 0.801843 
c 2 3 0.258815 
c 2 12 0.5 
c 2 13 0.80184 
c 2 14 0.741784 
c 2 15 0.739563 
c 2 18 0.983714 
c 2 133 0.80184 
c 2 134 0.741784 
c 2 135 0.739563 
c 2 138 0.983714 
c 3 4 0.25882 
c 3 5 0.5 
c 3 11 0.86602 
c 3 12 0.707103 
c 3 14 0.739567 
c 3 15 0.647048 
c 3 16 0.633972 
c 3 17 0.707956 
c 3 18 0.830599 
c 3 134 0.739567 
c 3 135 0.647048 
c 3 136 0.633972 
c 3 137 0.707956 
c 3 138 0.830599 
c 4 5 0.25882 
c 4 16 0.517637 
c 4 17 0.517638 
c 4 40 1.41421 
c 4 112 1.41421 
c 4 136 0.517637 
c 4 137 0.517638 
c 5 6 0.258815 
c 5 9 0.86602 
c 5 11 0.999995 
c 5 16 0.517639 
c 5 17 0.388228 
c 5 18 0.425352 
c 5 40 1.25179 
c 5 41 1.06066 
c 5 112 1.25179 
c 5 113 1.06066 
c 5 136 0.517639 
c 5 137 0.388228 
c 5 138 0.425352 
c 6 7 0.25882 
c 6 8 0.5 
c 6 9 0.707103 
c 6 18 0.29349 
c 6 19 0.378088 
c 6 138 0.29349 
c 6 139 0.378088 
c 7 8 0.25882 
c 7 18 0.378083 
c 7 19 0.25882 
c 7 20 0.378083 
c 7 138 0.378083 
c 7 139 0.25882 
c 7 140 0.378083 
c 8 9 0.258815 
c 8 18 0.579773 
c 8 19 0.378088 
c 8 20 0.29349 
c 8 138 0.579773 
c 8 139 0.378088 
c 8 140 0.29349 
c 9 10 0.25882 
c 9 11 0.5 
c 9 18 0.78354 
c 9 20 0.425352 
c 9 21 0.388228 
c 9 22 0.517639 
c 9 45 1.06066 
c 9 46 1.25179 
c 9 117 1.06066 
c 9 118 1.25179 
c 9 138 0.78354 
c 9 140 0.425352 
c 9 141 0.388228 
c 9 142 0.517639 
c 10 11 0.25882 
c 10 21 0.517638 
c 10 22 0.517637 
c 10 46 1.41421 
c 10 118 1.41421 
c 10 141 0.517638 
c 10 142 0.517637 
c 11 12 0.258815 
c 11 18 1.05967 
c 11 20 0.830599 
c 11 21 0.707956 
c 11 22 0.633972 
c 11 23 0.647048 
c 11 24 0.739567 
c 11 138 1.05967 
c 11 140 0.830599 
c 11 141 0.707956 
c 11 142 0.633972 
c 11 143 0.647048 
c 11 144 0.739567 
c 12 13 0.80184 
c 12 15 0.989931 
c 12 18 1.10349 
c 12 20 0.983714 
c 12 23 0.739563 
c 12 24 0.741784 
c 12 133 0.80184 
c 12 135 0.989931 
c 12 138 1.10349 
c 12 140 0.983714 
c 12 143 0.739563 
c 12 144 0.741784 
c 13 14 0.258818 
c 13 15 0.499999 
c 13 23 0.499999 
c 13 24 0.258818 
c 13 25 0.77646 
c 14 15 0.258822 
c 14 25 0.801843 
c 14 26 0.741783 
c 15 16 0.258814 
c 15 17 0.499998 
c 15 18 0.707103 
c 15 23 0.86602 
c 15 25 0.867412 
c 15 26 0.739565 
c 15 27 0.647045 
c 16 17 0.258823 
c 16 27 0.633975 
c 16 28 0.517645 
c 16 40 1 
c 17 18 0.258816 
c 17 19 0.499999 
c 17 21 0.86602 
c 17 23 0.999994 
c 17 27 0.707955 
c 17 28 0.517643 
c 17 29 0.38823 
c 17 40 0.903874 
c 17 41 0.750001 
c 18 19 0.25882 
c 18 20 0.5 
c 18 21 0.707104 
c 18 23 0.965921 
c 18 29 0.425363 
c 18 30 0.293506 
c 18 41 0.701594 
c 18 113 1.15875 
c 18 126 0.801844 
c 18 138 0.56698 
c 18 139 0.592012 
c 19 20 0.25882 
c 19 21 0.499999 
c 19 29 0.592013 
c 19 30 0.37809 
c 19 31 0.258815 
c 19 32 0.37809 
c 19 33 0.592013 
c 19 126 0.79623 
c 19 127 0.707103 
c 19 128 0.79623 
c 19 139 0.5 
c 20 21 0.258816 
c 20 23 0.707103 
c 20 32 0.293506 
c 20 33 0.425363 
c 20 45 0.701594 
c 20 117 1.15875 
c 20 128 0.801844 
c 20 139 0.592012 
c 20 140 0.56698 
c 21 22 0.258823 
c 21 23 0.499998 
c 21 27 1.11857 
c 21 29 0.949059 
c 21 33 0.38823 
c 21 34 0.517643 
c 21 35 0.707955 
c 21 45 0.750001 
c 21 46 0.903874 
c 22 23 0.258814 
c 22 34 0.517645 
c 22 35 0.633975 
c 22 46 1 
c 23 24 0.258822 
c 23 25 0.867412 
c 23 27 1.08104 
c 23 35 0.647045 
c 23 36 0.739565 
c 24 25 0.801843 
c 24 36 0.741783 
c 25 26 0.258818 
c 25 27 0.499999 
c 25 35 0.499999 
c 25 36 0.258818 
c 25 37 0.776457 
c 25 38 0.80184 
c 25 48 0.80184 
c 26 27 0.258822 
c 26 37 0.801843 
c 26 38 0.741784 
c 26 39 0.739567 
c 27 28 0.258814 
c 27 29 0.499998 
c 27 30 0.707103 
c 27 35 0.86602 
c 27 38 0.739563 
c 27 39 0.647048 
c 28 29 0.258823 
c 28 39 0.633972 
c 28 40 0.517637 
c 28 41 0.517639 
c 29 30 0.258816 
c 29 31 0.499999 
c 29 33 0.86602 
c 29 35 0.999994 
c 29 39 0.707956 
c 29 40 0.517638 
c 29 41 0.388228 
c 30 31 0.25882 
c 30 32 0.5 
c 30 33 0.707104 
c 30 35 0.965921 
c 30 38 0.983714 
c 30 39 0.830599 
c 30 41 0.425352 
c 30 42 0.29349 
c 30 43 0.378083 
c 30 54 0.56698 
c 30 102 1.13398 
c 30 113 1.28609 
c 30 126 0.98206 
c 30 127 0.957847 
c 31 32 0.25882 
c 31 33 0.499999 
c 31 42 0.378088 
c 31 43 0.25882 
c 31 44 0.378088 
c 31 54 0.592012 
c 31 55 0.5 
c 31 56 0.592012 
c 31 102 1.09588 
c 31 103 0.999995 
c 31 104 1.09588 
c 31 127 0.86602 
c 32 33 0.258816 
c 32 35 0.707103 
c 32 38 1.10349 
c 32 39 1.05967 
c 32 41 0.78354 
c 32 42 0.579773 
c 32 43 0.378083 
c 32 44 0.29349 
c 32 45 0.425352 
c 32 47 0.830599 
c 32 48 0.983714 
c 32 56 0.56698 
c 32 104 1.13398 
c 32 117 1.28609 
c 32 127 0.957847 
c 32 128 0.98206 
c 33 34 0.258823 
c 33 35 0.499998 
c 33 45 0.388228 
c 33 46 0.517638 
c 33 47 0.707956 
c 34 35 0.258814 
c 34 45 0.517639 
c 34 46 0.517637 
c 34 47 0.633972 
c 35 36 0.258822 
c 35 38 0.989931 
c 35 47 0.647048 
c 35 48 0.739563 
c 36 37 0.801843 
c 36 47 0.739567 
c 36 48 0.741784 
c 37 38 0.25882 
c 37 48 0.25882 
c 37 49 0.776457 
c 37 50 0.801843 
c 37 60 0.801843 
c 38 39 0.258815 
c 38 47 0.707103 
c 38 48 0.5 
c 38 49 0.80184 
c 38 50 0.741784 
c 38 51 0.739563 
c 38 54 0.983714 
c 39 40 0.25882 
c 39 41 0.5 
c 39 42 0.707103 
c 39 47 0.86602 
c 39 50 0.739567 
c 39 51 0.647048 
c 39 52 0.633972 
c 39 53 0.707956 
c 39 54 0.830599 
c 40 41 0.25882 
c 40 52 0.517637 
c 40 53 0.517638 
c 40 76 1.41421 
c 40 112 2 
c 40 113 1.75128 
c 41 42 0.258815 
c 41 52 0.517639 
c 41 53 0.388228 
c 41 54 0.425352 
c 41 76 1.25179 
c 41 77 1.06066 
c 41 102 1.28609 
c 41 113 1.5 
c 42 43 0.25882 
c 42 44 0.5 
c 42 47 0.965922 
c 42 54 0.29349 
c 42 55 0.378088 
c 43 44 0.25882 
c 43 54 0.378083 
c 43 55 0.25882 
c 43 56 0.378083 
c 44 45 0.258815 
c 44 47 0.707103 
c 44 54 0.579773 
c 44 55 0.378088 
c 44 56 0.29349 
c 45 46 0.25882 
c 45 47 0.5 
c 45 54 0.78354 
c 45 56 0.425352 
c 45 57 0.388228 
c 45 58 0.517639 
c 45 81 1.06066 
c 45 104 1.28609 
c 45 117 1.5 
c 45 118 1.75128 
c 46 47 0.25882 
c 46 57 0.517638 
c 46 58 0.517637 
c 46 81 1.25179 
c 46 82 1.41421 
c 46 118 2 
c 47 48 0.258815 
c 47 54 1.05967 
c 47 56 0.830599 
c 47 57 0.707956 
c 47 58 0.633972 
c 47 59 0.647048 
c 47 60 0.739567 
c 48 49 0.80184 
c 48 51 0.989931 
c 48 54 1.10349 
c 48 56 0.983714 
c 48 59 0.739563 
c 48 60 0.741784 
c 49 50 0.258818 
c 49 51 0.499999 
c 49 59 0.499999 
c 49 60 0.258818 
c 49 61 0.77646 
c 49 62 0.801843 
c 49 63 0.867412 
c 49 71 0.867412 
c 49 72 0.801843 
c 50 51 0.258822 
c 50 62 0.741783 
c 50 63 0.739565 
c 51 52 0.258814 
c 51 53 0.499998 
c 51 54 0.707103 
c 51 56 0.965921 
c 51 57 0.999994 
c 51 59 0.86602 
c 51 63 0.647045 
c 51 64 0.633975 
c 51 65 0.707955 
c 52 53 0.258823 
c 52 64 0.517645 
c 52 65 0.517643 
c 52 76 1 
c 53 54 0.258816 
c 53 55 0.499999 
c 53 56 0.707104 
c 53 57 0.86602 
c 53 65 0.38823 
c 53 66 0.425363 
c 53 67 0.592013 
c 53 76 0.903874 
c 53 77 0.750001 
c 54 55 0.25882 
c 54 56 0.5 
c 54 66 0.293506 
c 54 67 0.37809 
c 54 77 0.701594 
c 54 90 0.801844 
c 54 91 0.79623 
c 54 102 0.98206 
c 55 56 0.25882 
c 55 57 0.499999 
c 55 67 0.258815 
c 55 91 0.707103 
c 55 102 0.957847 
c 55 103 0.86602 
c 55 104 0.957847 
c 56 57 0.258816 
c 56 59 0.707103 
c 56 67 0.37809 
c 56 68 0.293506 
c 56 81 0.701594 
c 56 91 0.79623 
c 56 92 0.801844 
c 56 104 0.98206 
c 57 58 0.258823 
c 57 59 0.499998 
c 57 65 0.949059 
c 57 67 0.592013 
c 57 68 0.425363 
c 57 69 0.38823 
c 57 81 0.750001 
c 57 82 0.903874 
c 58 59 0.258814 
c 58 69 0.517643 
c 58 70 0.517645 
c 58 82 1 
c 59 60 0.258822 
c 59 63 1.08104 
c 59 65 1.11857 
c 59 69 0.707955 
c 59 70 0.633975 
c 59 71 0.647045 
c 60 71 0.739565 
c 60 72 0.741783 
c 61 62 0.258818 
c 61 63 0.499999 
c 61 71 0.499999 
c 61 72 0.258818 
c 61 73 0.776457 
c 61 74 0.80184 
c 61 84 0.80184 
c 62 63 0.258822 
c 62 73 0.801843 
c 62 74 0.741784 
c 62 75 0.739567 
c 63 64 0.258814 
c 63 65 0.499998 
c 63 66 0.707103 
c 63 68 0.965921 
c 63 69 0.999994 
c 63 71 0.86602 
c 63 74 0.739563 
c 63 75 0.647048 
c 64 65 0.258823 
c 64 75 0.633972 
c 64 76 0.517637 
c 64 77 0.517639 
c 65 66 0.258816 
c 65 67 0.499999 
c 65 68 0.707104 
c 65 69 0.86602 
c 65 75 0.707956 
c 65 76 0.517638 
c 65 77 0.388228 
c 66 67 0.25882 
c 66 68 0.5 
c 66 74 0.983714 
c 66 75 0.830599 
c 66 77 0.425352 
c 66 78 0.29349 
c 66 79 0.378083 
c 66 90 0.56698 
c 67 68 0.25882 
c 67 69 0.499999 
c 67 78 0.378088 
c 67 79 0.25882 
c 67 80 0.378088 
c 67 90 0.592012 
c 67 91 0.5 
c 67 92 0.592012 
c 68 69 0.258816 
c 68 71 0.707103 
c 68 74 1.10349 
c 68 75 1.05967 
c 68 77 0.78354 
c 68 78 0.579773 
c 68 79 0.378083 
c 68 80 0.29349 
c 68 81 0.425352 
c 68 83 0.830599 
c 68 84 0.983714 
c 68 92 0.56698 
c 69 70 0.258823 
c 69 71 0.499998 
c 69 81 0.388228 
c 69 82 0.517638 
c 69 83 0.707956 
c 70 71 0.258814 
c 70 81 0.517639 
c 70 82 0.517637 
c 70 83 0.633972 
c 71 72 0.258822 
c 71 74 0.989931 
c 71 83 0.647048 
c 71 84 0.739563 
c 72 73 0.801843 
c 72 83 0.739567 
c 72 84 0.741784 
c 73 74 0.25882 
c 73 84 0.25882 
c 73 85 0.776457 
c 73 86 0.801843 
c 73 96 0.801843 
c 74 75 0.258815 
c 74 83 0.707103 
c 74 84 0.5 
c 74 85 0.80184 
c 74 86 0.741784 
c 74 87 0.739563 
c 74 90 0.983714 
c 74 92 1.10349 
c 74 95 0.989931 
c 75 76 0.25882 
c 75 77 0.5 
c 75 81 0.999995 
c 75 83 0.86602 
c 75 86 0.739567 
c 75 87 0.647048 
c 75 88 0.633972 
c 75 89 0.707956 
c 75 90 0.830599 
c 75 92 1.05967 
c 76 77 0.25882 
c 76 88 0.517637 
c 76 89 0.517638 
c 76 100 1 
c 76 101 0.903874 
c 76 112 1.41421 
c 76 113 1.25179 
c 77 78 0.258815 
c 77 80 0.707103 
c 77 81 0.86602 
c 77 88 0.517639 
c 77 89 0.388228 
c 77 90 0.425352 
c 77 92 0.78354 
c 77 101 0.750001 
c 77 102 0.701594 
c 77 113 1.06066 
c 78 79 0.25882 
c 78 80 0.5 
c 78 90 0.29349 
c 78 91 0.378088 
c 78 92 0.579773 
c 79 80 0.25882 
c 79 90 0.378083 
c 79 91 0.25882 
c 79 92 0.378083 
c 80 81 0.258815 
c 80 91 0.378088 
c 80 92 0.29349 
c 81 82 0.25882 
c 81 83 0.5 
c 81 92 0.425352 
c 81 93 0.388228 
c 81 94 0.517639 
c 81 104 0.701594 
c 81 105 0.750001 
c 81 117 1.06066 
c 81 118 1.25179 
c 82 83 0.25882 
c 82 93 0.517638 
c 82 94 0.517637 
c 82 105 0.903874 
c 82 106 1 
c 82 118 1.41421 
c 83 84 0.258815 
c 83 92 0.830599 
c 83 93 0.707956 
c 83 94 0.633972 
c 83 95 0.647048 
c 83 96 0.739567 
c 84 85 0.80184 
c 84 92 0.983714 
c 84 95 0.739563 
c 84 96 0.741784 
c 85 86 0.258818 
c 85 87 0.499999 
c 85 95 0.499999 
c 85 96 0.258818 
c 85 97 0.77646 
c 86 87 0.258822 
c 86 97 0.801843 
c 86 98 0.741783 
c 87 88 0.258814 
c 87 89 0.499998 
c 87 90 0.707103 
c 87 92 0.965921 
c 87 93 0.999994 
c 87 95 0.86602 
c 87 97 0.867412 
c 87 98 0.739565 
c 87 99 0.647045 
c 87 107 1.08104 
c 88 89 0.258823 
c 88 99 0.633975 
c 88 100 0.517645 
c 89 90 0.258816 
c 89 91 0.499999 
c 89 92 0.707104 
c 89 93 0.86602 
c 89 99 0.707955 
c 89 100 0.517643 
c 89 101 0.38823 
c 89 105 0.949059 
c 89 107 1.11857 
c 90 91 0.25882 
c 90 92 0.5 
c 90 101 0.425363 
c 90 102 0.293506 
c 91 92 0.25882 
c 91 93 0.499999 
c 91 101 0.592013 
c 91 102 0.37809 
c 91 103 0.258815 
c 91 104 0.37809 
c 91 105 0.592013 
c 92 93 0.258816 
c 92 95 0.707103 
c 92 104 0.293506 
c 92 105 0.425363 
c 93 94 0.258823 
c 93 95 0.499998 
c 93 105 0.38823 
c 93 106 0.517643 
c 93 107 0.707955 
c 94 95 0.258814 
c 94 106 0.517645 
c 94 107 0.633975 
c 95 96 0.258822 
c 95 97 0.867412 
c 95 107 0.647045 
c 95 108 0.739565 
c 96 97 0.801843 
c 96 108 0.741783 
c 97 98 0.258818 
c 97 99 0.499999 
c 97 107 0.499999 
c 97 108 0.258818 
c 97 109 0.776457 
c 97 110 0.80184 
c 97 120 0.80184 
c 98 99 0.258822 
c 98 109 0.801843 
c 98 110 0.741784 
c 98 111 0.739567 
c 99 100 0.258814 
c 99 101 0.499998 
c 99 102 0.707103 
c 99 104 0.965921 
c 99 105 0.999994 
c 99 107 0.86602 
c 99 110 0.739563 
c 99 111 0.647048 
c 99 120 0.989931 
c 100 101 0.258823 
c 100 111 0.633972 
c 100 112 0.517637 
c 100 113 0.517639 
c 101 102 0.258816 
c 101 103 0.499999 
c 101 104 0.707104 
c 101 105 0.86602 
c 101 111 0.707956 
c 101 112 0.517638 
c 101 113 0.388228 
c 102 103 0.25882 
c 102 104 0.5 
c 102 110 0.983714 
c 102 111 0.830599 
c 102 113 0.425352 
c 102 114 0.29349 
c 102 115 0.378083 
c 102 116 0.579773 
c 102 117 0.78354 
c 102 119 1.05967 
c 102 120 1.10349 
c 102 126 0.56698 
c 102 127 0.592012 
c 103 104 0.25882 
c 103 105 0.499999 
c 103 114 0.378088 
c 103 115 0.25882 
c 103 116 0.378088 
c 103 127 0.5 
c 104 105 0.258816 
c 104 107 0.707103 
c 104 115 0.378083 
c 104 116 0.29349 
c 104 117 0.425352 
c 104 119 0.830599 
c 104 120 0.983714 
c 104 127 0.592012 
c 104 128 0.56698 
c 105 106 0.258823 
c 105 107 0.499998 
c 105 117 0.388228 
c 105 118 0.517638 
c 105 119 0.707956 
c 106 107 0.258814 
c 106 117 0.517639 
c 106 118 0.517637 
c 106 119 0.633972 
c 107 108 0.258822 
c 107 119 0.647048 
c 107 120 0.739563 
c 108 109 0.801843 
c 108 119 0.739567 
c 108 120 0.741784 
c 109 110 0.25882 
c 109 120 0.25882 
c 109 121 0.776457 
c 109 122 0.801843 
c 109 132 0.801843 
c 110 111 0.258815 
c 110 119 0.707103 
c 110 120 0.5 
c 110 121 0.80184 
c 110 122 0.741784 
c 110 123 0.739563 
c 110 126 0.983714 
c 110 128 1.10349 
c 110 131 0.989931 
c 111 112 0.25882 
c 111 113 0.5 
c 111 119 0.86602 
c 111 122 0.739567 
c 111 123 0.647048 
c 111 124 0.633972 
c 111 125 0.707956 
c 111 126 0.830599 
c 111 128 1.05967 
c 112 113 0.25882 
c 112 124 0.517637 
c 112 125 0.517638 
c 112 136 1 
c 112 137 0.903874 
c 113 114 0.258815 
c 113 119 0.999995 
c 113 124 0.517639 
c 113 125 0.388228 
c 113 126 0.425352 
c 113 128 0.78354 
c 113 137 0.750001 
c 113 138 0.701594 
c 114 115 0.25882 
c 114 116 0.5 
c 114 119 0.965922 
c 114 126 0.29349 
c 114 127 0.378088 
c 114 128 0.579773 
c 115 116 0.25882 
c 115 126 0.378083 
c 115 127 0.25882 
c 115 128 0.378083 
c 116 117 0.258815 
c 116 119 0.707103 
c 116 127 0.378088 
c 116 128 0.29349 
c 117 118 0.25882 
c 117 119 0.5 
c 117 128 0.425352 
c 117 129 0.388228 
c 117 130 0.517639 
c 117 140 0.701594 
c 117 141 0.750001 
c 118 119 0.25882 
c 118 129 0.517638 
c 118 130 0.517637 
c 118 141 0.903874 
c 118 142 1 
c 119 120 0.258815 
c 119 128 0.830599 
c 119 129 0.707956 
c 119 130 0.633972 
c 119 131 0.647048 
c 119 132 0.739567 
c 120 121 0.80184 
c 120 128 0.983714 
c 120 131 0.739563 
c 120 132 0.741784 
c 121 122 0.258818 
c 121 123 0.499999 
c 121 131 0.499999 
c 121 132 0.258818 
c 121 133 0.77646 
c 121 134 0.801843 
c 121 135 0.867412 
c 121 143 0.867412 
c 121 144 0.801843 
c 122 123 0.258822 
c 122 134 0.741783 
c 122 135 0.739565 
c 123 124 0.258814 
c 123 125 0.499998 
c 123 126 0.707103 
c 123 131 0.86602 
c 123 135 0.647045 
c 123 136 0.633975 
c 123 137 0.707955 
c 123 141 1.11857 
c 123 143 1.08104 
c 124 125 0.258823 
c 124 136 0.517645 
c 124 137 0.517643 
c 125 126 0.258816 
c 125 127 0.499999 
c 125 129 0.86602 
c 125 131 0.999994 
c 125 137 0.38823 
c 125 138 0.425363 
c 125 139 0.592013 
c 125 141 0.949059 
c 126 127 0.25882 
c 126 128 0.5 
c 126 129 0.707104 
c 126 131 0.965921 
c 126 138 0.293506 
c 126 139 0.37809 
c 127 128 0.25882 
c 127 129 0.499999 
c 127 139 0.258815 
c 128 129 0.258816 
c 128 131 0.707103 
c 128 139 0.37809 
c 128 140 0.293506 
c 129 130 0.258823 
c 129 131 0.499998 
c 129 139 0.592013 
c 129 140 0.425363 
c 129 141 0.38823 
c 130 131 0.258814 
c 130 141 0.517643 
c 130 142 0.517645 
c 131 132 0.258822 
c 131 141 0.707955 
c 131 142 0.633975 
c 131 143 0.647045 
c 132 143 0.739565 
c 132 144 0.741783 
c 133 134 0.258818 
c 133 135 0.499999 
c 133 143 0.499999 
c 133 144 0.258818 
c 134 135 0.258822 
c 135 136 0.258814 
c 135 137 0.499998 
c 135 138 0.707103 
c 135 143 0.86602 
c 136 137 0.258823 
c 137 138 0.258816 
c 137 139 0.499999 
c 137 141 0.86602 
c 137 143 0.999994 
c 138 139 0.25882 
c 138 140 0.5 
c 138 141 0.707104 
c 138 143 0.965921 
c 139 140 0.25882 
c 139 141 0.499999 
c 140 141 0.258816 
c 140 143 0.707103 
c 141 142 0.258823 
c 141 143 0.499998 
c 142 143 0.258814 
c 143 144 0.258822 
v 2 3 18 12 0.00432346 
v 2 13 14 1 2.02067e-07 
v 2 15 13 12 0.0149274 
v 2 18 15 12 0.0407817 
v 2 133 12 1 0.00418687 
v 2 134 133 1 2.02067e-07 
v 2 135 138 12 0.0407817 
v 3 4 16 5 0.00279125 
v 3 15 14 2 1.96117e-07 
v 3 18 15 2 0.0165094 
v 3 135 138 2 0.0165094 
v 3 136 5 137 0.00209344 
v 4 17 16 5 1.39562e-08 
v 4 112 5 137 0.00306502 
v 5 3 137 138 0.00571906 
v 5 18 3 11 0.020459 
v 5 18 6 138 0.00131364 
v 5 112 113 137 0.00229876 
v 5 136 4 137 1.39562e-08 
v 6 5 138 9 0.0074884 
v 6 18 9 8 0.00432346 
v 6 18 139 138 0.00179449 
v 6 19 18 7 4.14625e-08 
v 7 6 138 8 0.00158258 
v 7 19 18 20 0.00139571 
v 7 139 19 8 0.00139562 
v 7 140 139 8 4.14625e-08 
v 9 5 138 11 0.020459 
v 9 10 22 11 0.00279125 
v 9 18 5 11 0.020459 
v 9 21 46 45 0.00229876 
v 9 117 140 20 0.0129704 
v 9 118 117 45 0.0125606 
v 9 141 142 11 0.00209344 
v 10 9 142 11 0.00279125 
v 10 21 9 22 1.39562e-08 
v 10 118 9 46 0.02233 
v 11 9 18 20 0.0118121 
v 11 21 9 20 0.00571906 
v 11 22 21 23 0.00348905 
v 12 3 18 11 0.0074884 
v 12 13 1 24 2.02067e-07 
v 12 15 13 23 0.0258548 
v 12 18 15 23 0.0706355 
v 12 133 144 1 2.02067e-07 
v 12 138 3 11 0.0074884 
v 12 143 140 11 0.0165094 
v 13 2 12 1 0.00418687 
v 15 13 14 2 0.00400005 
v 15 18 17 23 3.2405e-07 
v 15 25 13 23 0.0270635 
v 15 27 25 23 0.0225528 
v 16 17 3 5 0.00209344 
v 16 28 27 17 0.00279127 
v 16 40 28 17 0.00149586 
v 17 15 16 3 0.00348905 
v 17 16 40 4 0.00408672 
v 17 18 3 5 0.00571906 
v 17 27 15 23 0.0451049 
v 17 40 41 5 0.00229876 
v 17 41 18 5 0.00627999 
v 18 5 6 9 0.0074884 
v 18 6 7 8 0.00158258 
v 18 7 20 8 0.00158258 
v 18 12 11 20 0.00432346 
v 18 15 17 3 0.00953173 
v 18 21 17 23 3.2405e-07 
v 18 41 113 5 0.0343144 
v 18 126 113 30 0.00621675 
v 18 126 139 138 0.00490296 
v 19 18 139 6 0.0015825 
v 19 20 32 33 0.00158259 
v 19 21 18 20 1.31675e-07 
v 19 21 29 17 0.0135318 
v 19 29 18 17 0.00209334 
v 19 30 31 127 0.00660376 
v 19 139 127 128 0.00381271 
v 20 7 19 8 4.14625e-08 
v 20 9 18 8 0.00432346 
v 20 9 117 45 0.0343144 
v 20 11 21 23 0.00953173 
v 20 12 11 23 0.0165094 
v 20 18 12 23 0.0407817 
v 20 19 21 33 0.00209334 
v 20 19 139 8 0.0015825 
v 20 21 9 45 0.00627999 
v 20 21 18 23 1.87092e-07 
v 20 117 128 32 0.00621675 
v 20 128 19 32 0.00849236 
v 21 10 9 46 0.00306502 
v 21 19 18 17 2.28066e-07 
v 21 19 29 33 0.0135318 
v 21 20 33 45 0.00229864 
v 21 22 46 34 0.00149586 
v 21 27 17 23 0.0451049 
v 21 35 22 34 0.00279127 
v 21 46 33 34 0.00112189 
v 22 10 21 46 0.00408672 
v 22 21 9 11 0.00209344 
v 24 11 12 23 1.96117e-07 
v 24 12 13 23 0.00400005 
v 24 13 25 23 0.00418708 
v 24 25 36 23 0.00400008 
v 25 13 14 15 0.00418708 
v 25 14 26 15 0.00400008 
v 25 27 38 35 0.0258548 
v 25 38 48 35 0.0149274 
v 25 48 36 35 0.00400005 
v 26 27 25 15 0.00348921 
v 26 38 37 25 2.02067e-07 
v 27 15 16 17 0.00348904 
v 27 29 21 17 0.0270631 
v 27 38 26 25 0.00400005 
v 27 39 29 28 0.00348905 
v 28 40 29 17 0.00112189 
v 29 21 33 35 0.0270631 
v 29 27 21 35 0.0270631 
v 29 27 28 17 0.00209344 
v 29 30 31 19 0.00139554 
v 29 41 18 17 0.00229864 
v 29 41 39 30 0.00571906 
v 30 18 126 19 0.00849236 
v 30 27 29 35 3.2405e-07 
v 30 29 18 19 0.00158259 
v 30 29 31 33 2.28066e-07 
v 30 31 32 33 1.31675e-07 
v 30 38 27 35 0.0706355 
v 30 39 38 32 0.00432346 
v 30 41 39 32 0.0118121 
v 30 54 41 42 0.00131364 
v 30 102 54 31 0.0232003 
v 31 19 127 32 0.00660376 
v 31 29 19 33 0.009021 
v 31 30 32 43 0.00139571 
v 31 30 102 127 0.020459 
v 31 42 30 43 4.14625e-08 
v 31 44 55 43 0.00139562 
v 31 102 103 127 0.0180421 
v 31 103 104 127 0.0180421 
v 31 104 56 32 0.0232003 
v 32 20 117 45 0.00949547 
v 32 30 33 35 1.87092e-07 
v 32 30 42 43 0.00158258 
v 32 31 19 33 0.00139554 
v 32 33 47 35 0.00953173 
v 32 42 44 43 0.00158258 
v 32 44 31 43 4.14625e-08 
v 32 44 47 45 0.00432346 
v 32 47 48 35 0.0165094 
v 32 56 44 45 0.00131364 
v 32 104 56 45 0.0169836 
v 33 20 32 45 0.0017378 
v 33 30 29 35 3.2405e-07 
v 33 32 47 45 0.00571906 
v 33 46 45 34 1.39562e-08 
v 35 21 22 23 0.00348904 
v 35 21 33 34 0.00209344 
v 35 25 27 23 0.0225528 
v 35 27 21 23 0.0451049 
v 35 33 47 34 0.00348905 
v 36 25 35 23 0.00348921 
v 36 48 47 35 1.96117e-07 
v 37 48 36 25 2.02067e-07 
v 38 30 32 35 0.0407817 
v 38 39 27 26 1.96117e-07 
v 38 47 48 32 0.00432346 
v 38 48 37 25 0.00418687 
v 38 49 50 37 2.02067e-07 
v 38 54 39 51 0.0165094 
v 39 27 29 30 0.00953173 
v 39 38 27 30 0.0165094 
v 39 41 42 32 0.00432346 
v 39 47 38 32 0.0074884 
v 39 50 38 51 1.96117e-07 
v 39 54 47 42 0.0279474 
v 40 17 4 5 0.00306502 
v 40 41 29 17 0.000841408 
v 40 76 52 53 0.00408672 
v 40 112 113 5 0.0167475 
v 41 18 113 30 0.00949547 
v 41 29 18 30 0.0017378 
v 41 29 39 28 0.00209344 
v 41 30 42 32 0.00432346 
v 41 39 40 28 0.00279125 
v 41 40 29 28 1.39562e-08 
v 41 40 113 5 0.0125606 
v 41 54 39 42 0.00432346 
v 41 113 102 30 0.0259408 
v 42 30 54 31 0.00179449 
v 42 44 47 32 0.0161355 
v 42 54 44 43 0.00158258 
v 42 54 55 31 0.0015825 
v 44 54 47 45 0.00432346 
v 44 54 56 43 0.00158258 
v 44 55 56 31 0.0015825 
v 45 46 47 34 0.00279125 
v 46 21 33 45 0.000841408 
v 46 47 58 45 0.00279125 
v 46 57 81 45 0.00229876 
v 46 58 57 45 1.39562e-08 
v 46 118 9 45 0.0167475 
v 47 33 45 34 0.00209344 
v 47 38 48 54 0.00432346 
v 47 39 42 32 0.0279474 
v 47 48 59 56 0.0165094 
v 47 59 57 56 0.00953173 
v 48 38 32 35 0.0407817 
v 48 49 38 37 0.00418687 
v 48 56 54 51 0.0407817 
v 48 59 60 47 1.96117e-07 
v 48 60 49 37 2.02067e-07 
v 49 38 50 51 0.00400005 
v 49 48 38 51 0.0149274 
v 49 59 48 51 0.0258548 
v 49 63 50 62 0.00400008 
v 49 71 63 61 0.0270635 
v 49 72 60 71 0.00400008 
v 51 39 52 53 0.00348905 
v 51 54 39 53 0.00953173 
v 51 56 54 53 1.87092e-07 
v 51 57 53 65 0.0270631 
v 51 59 57 65 0.0270631 
v 51 63 59 65 0.0451049 
v 52 39 40 41 0.00279125 
v 52 40 53 41 1.39562e-08 
v 52 51 53 65 0.00209344 
v 53 39 52 41 0.00209344 
v 53 40 76 41 0.00306502 
v 53 54 39 41 0.00571906 
v 53 57 67 65 0.0135318 
v 53 66 77 65 0.00229864 
v 53 67 66 65 0.00209334 
v 53 76 52 65 0.00112189 
v 53 77 54 41 0.00627999 
v 53 77 76 65 0.000841408 
v 54 38 48 51 0.0407817 
v 54 42 55 43 4.14625e-08 
v 54 44 47 42 0.0161355 
v 54 44 56 45 0.00432346 
v 54 47 38 39 0.0074884 
v 54 55 67 53 0.00139554 
v 54 56 47 45 0.0118121 
v 54 67 66 53 0.00158259 
v 54 77 102 41 0.0224659 
v 55 42 31 43 0.00139562 
v 55 44 56 43 4.14625e-08 
v 55 56 54 43 0.00139571 
v 55 56 57 53 2.28066e-07 
v 55 57 67 53 0.009021 
v 55 67 91 54 0.00381271 
v 55 91 102 54 0.00748862 
v 55 103 104 31 0.0180421 
v 55 104 56 31 0.0204596 
v 56 44 31 32 0.00179449 
v 56 47 48 54 0.00432346 
v 56 48 59 51 0.0706355 
v 56 55 54 53 1.31675e-07 
v 56 57 67 55 0.00139554 
v 56 59 57 51 3.2405e-07 
v 56 67 68 92 0.00490296 
v 56 68 81 92 0.00358916 
v 56 81 104 92 0.00621675 
v 56 104 91 92 0.00849236 
v 57 47 56 45 0.00571906 
v 57 56 51 53 3.2405e-07 
v 57 59 58 69 0.00209344 
v 57 67 68 56 0.00158259 
v 57 81 69 82 0.000841408 
v 58 47 57 45 0.00209344 
v 58 57 69 82 0.00112189 
v 58 69 70 82 0.00149586 
v 59 47 57 58 0.00348905 
v 59 60 49 48 0.00400005 
v 59 71 69 63 0.0451049 
v 60 59 49 71 0.00348921 
v 61 63 62 74 0.00400005 
v 61 71 63 74 0.0258548 
v 61 73 84 74 0.00418687 
v 61 84 71 74 0.0149274 
v 62 63 75 74 1.96117e-07 
v 62 73 61 74 2.02067e-07 
v 63 49 50 51 0.00348921 
v 63 49 61 62 0.00418708 
v 63 59 49 51 0.0225528 
v 63 66 75 74 0.0165094 
v 63 68 66 74 0.0407817 
v 63 68 69 65 3.2405e-07 
v 63 71 68 74 0.0706355 
v 64 51 52 65 0.00279127 
v 64 63 51 65 0.00348904 
v 64 75 63 65 0.00348905 
v 64 77 75 65 0.00209344 
v 66 63 75 65 0.00953173 
v 66 68 67 79 0.00139571 
v 66 75 77 65 0.00571906 
v 66 77 54 53 0.0017378 
v 66 78 67 90 0.00179449 
v 67 56 55 91 0.00381271 
v 67 57 68 69 0.00209334 
v 67 66 90 54 0.00490296 
v 67 78 91 90 0.0015825 
v 67 80 68 92 0.00179449 
v 68 57 56 81 0.0017378 
v 68 63 66 65 1.87092e-07 
v 68 66 67 65 1.31675e-07 
v 68 67 69 65 2.28066e-07 
v 68 71 69 83 0.00953173 
v 68 75 66 74 0.00432346 
v 68 78 66 77 0.00432346 
v 68 80 78 77 0.00432346 
v 68 80 81 92 0.00131364 
v 68 83 75 74 0.0074884 
v 69 57 59 65 0.0270631 
v 69 59 58 70 0.00279127 
v 69 59 63 65 0.0451049 
v 69 67 57 65 0.0135318 
v 69 71 70 83 0.00348905 
v 69 81 68 83 0.00571906 
v 70 81 69 83 0.00209344 
v 71 49 72 61 0.00418708 
v 71 59 49 63 0.0225528 
v 71 59 69 70 0.00348904 
v 71 68 69 63 3.2405e-07 
v 73 84 72 61 2.02067e-07 
v 73 86 85 74 2.02067e-07 
v 73 96 84 85 2.02067e-07 
v 75 68 66 77 0.0118121 
v 75 76 88 77 0.00279125 
v 75 81 68 77 0.020459 
v 75 88 89 77 0.00209344 
v 75 89 90 77 0.00571906 
v 75 90 87 74 0.0165094 
v 75 90 92 77 0.0118121 
v 75 92 81 77 0.020459 
v 76 40 113 41 0.0167475 
v 76 64 52 65 0.00149586 
v 76 77 64 65 1.39563e-08 
v 76 89 88 77 1.39562e-08 
v 76 101 89 77 0.000841408 
v 76 113 101 77 0.00229876 
v 77 53 76 41 0.00229876 
v 77 75 76 64 0.00279125 
v 77 76 113 41 0.0125606 
v 77 90 66 54 0.00358916 
v 77 102 90 54 0.00621675 
v 77 113 102 41 0.0343144 
v 78 66 67 79 4.14625e-08 
v 78 67 91 79 0.00139562 
v 78 68 66 79 0.00158258 
v 78 92 80 79 0.00158258 
v 78 92 90 77 0.00432346 
v 80 67 68 79 4.14625e-08 
v 80 68 78 79 0.00158258 
v 80 68 81 77 0.0074884 
v 80 91 67 79 0.00139562 
v 81 56 104 45 0.0224659 
v 81 57 56 45 0.00627999 
v 81 68 57 69 0.00229864 
v 81 70 69 82 1.39562e-08 
v 81 83 82 94 0.00279125 
v 81 93 105 92 0.00229864 
v 81 105 104 92 0.0017378 
v 81 105 118 117 0.00229876 
v 81 118 46 45 0.0167475 
v 82 57 81 46 0.00306502 
v 82 58 57 46 0.00408672 
v 82 81 94 93 1.39563e-08 
v 82 105 106 118 0.00408672 
v 83 68 71 84 0.0165094 
v 83 70 81 82 0.00279125 
v 83 71 72 84 1.96117e-07 
v 83 81 68 75 0.020459 
v 83 92 75 74 0.0074884 
v 83 94 93 95 0.00348905 
v 84 68 71 74 0.0407817 
v 84 71 72 61 0.00400005 
v 84 73 85 74 0.00418687 
v 84 83 68 74 0.00432346 
v 84 92 83 74 0.00432346 
v 84 96 95 85 0.00400005 
v 85 86 87 74 0.00400005 
v 85 87 95 74 0.0258548 
v 86 87 97 85 0.00418708 
v 87 86 75 74 1.96117e-07 
v 87 90 92 74 0.0407817 
v 87 93 92 89 3.2405e-07 
v 87 95 97 85 0.0270635 
v 87 97 107 99 0.0225528 
v 87 98 97 99 0.00348921 
v 87 107 93 89 0.0451049 
v 88 89 87 75 0.00348905 
v 89 87 99 88 0.00348904 
v 89 90 87 75 0.00953173 
v 89 99 100 88 0.00279127 
v 89 101 90 77 0.00229864 
v 90 66 78 77 0.00131364 
v 90 75 92 74 0.00432346 
v 90 78 91 79 4.14625e-08 
v 90 87 92 89 1.87092e-07 
v 90 91 102 101 0.00158259 
v 90 92 91 89 1.31675e-07 
v 91 67 56 92 0.00432375 
v 91 67 90 54 0.00432375 
v 91 80 67 92 0.0015825 
v 91 90 102 54 0.00849236 
v 91 103 55 102 0.00660376 
v 91 104 105 92 0.00158259 
v 91 105 93 92 0.00209334 
v 91 105 103 101 0.009021 
v 92 78 80 77 0.00432346 
v 92 78 90 79 0.00158258 
v 92 80 81 77 0.0074884 
v 92 81 83 75 0.020459 
v 92 83 95 84 0.0165094 
v 92 90 91 79 0.00139571 
v 92 91 80 79 4.14625e-08 
v 92 95 87 74 0.0706355 
v 93 81 83 92 0.00571906 
v 93 82 81 105 0.000841408 
v 93 83 95 92 0.00953173 
v 93 91 92 89 2.28066e-07 
v 93 94 106 107 0.00279127 
v 94 81 83 93 0.00209344 
v 94 82 93 106 0.00149586 
v 95 84 85 74 0.0149274 
v 95 92 84 74 0.0407817 
v 95 93 92 87 3.2405e-07 
v 95 96 97 85 0.00418708 
v 95 97 107 87 0.0225528 
v 95 107 93 87 0.0451049 
v 96 95 83 84 1.96117e-07 
v 96 95 97 108 0.00400008 
v 97 95 107 108 0.00348921 
v 97 107 120 108 0.00400005 
v 98 87 97 86 0.00400008 
v 98 99 111 110 1.96117e-07 
v 98 109 97 110 2.02067e-07 
v 99 97 120 110 0.0149274 
v 99 98 97 110 0.00400005 
v 99 100 111 101 0.00348905 
v 99 102 104 101 1.87092e-07 
v 99 105 107 89 0.0270631 
v 100 89 88 76 0.00149586 
v 100 101 89 76 0.00112189 
v 100 113 112 111 0.00279125 
v 101 90 91 89 0.00209334 
v 101 91 105 89 0.0135318 
v 101 99 100 89 0.00209344 
v 101 100 112 76 0.00408672 
v 101 105 99 89 0.0270631 
v 101 113 102 77 0.00627999 
v 102 54 41 30 0.0169836 
v 102 55 54 31 0.0204596 
v 102 90 101 77 0.0017378 
v 102 91 103 101 0.00139554 
v 102 103 55 31 0.0180421 
v 102 103 104 101 1.31675e-07 
v 102 104 120 99 0.0407817 
v 102 111 99 110 0.0165094 
v 102 113 126 30 0.0169836 
v 102 116 104 115 0.00158258 
v 102 116 114 119 0.0161355 
v 103 55 104 91 0.00660376 
v 103 102 104 115 0.00139571 
v 103 104 116 115 4.14625e-08 
v 103 114 102 115 4.14625e-08 
v 104 31 127 32 0.020459 
v 104 55 56 91 0.00748862 
v 104 102 120 119 0.00432346 
v 104 103 116 127 0.0015825 
v 104 105 99 101 3.2405e-07 
v 104 105 103 91 0.00139554 
v 104 107 120 99 0.0706355 
v 104 128 117 32 0.0169836 
v 105 81 104 117 0.00627999 
v 105 82 81 118 0.00306502 
v 105 91 93 89 0.0135318 
v 105 93 82 106 0.00112189 
v 105 104 103 101 2.28066e-07 
v 105 107 104 99 3.2405e-07 
v 106 105 93 107 0.00209344 
v 107 87 99 89 0.0451049 
v 107 93 94 95 0.00348904 
v 107 97 120 99 0.0258548 
v 107 104 120 119 0.0165094 
v 107 105 93 89 0.0270631 
v 107 105 104 119 0.00953173 
v 107 106 105 119 0.00348905 
v 108 107 120 119 1.96117e-07 
v 109 120 97 110 0.00418687 
v 110 102 111 119 0.0074884 
v 110 109 120 121 0.00418687 
v 110 111 126 128 0.00432346 
v 110 120 102 119 0.00432346 
v 110 120 128 131 0.0407817 
v 110 122 109 121 2.02067e-07 
v 110 123 122 121 0.00400005 
v 111 100 113 101 0.00209344 
v 111 102 99 101 0.00953173 
v 111 113 102 101 0.00571906 
v 111 113 112 124 0.00279125 
v 111 123 122 110 1.96117e-07 
v 111 126 113 125 0.00571906 
v 112 4 136 137 0.00408672 
v 112 40 4 5 0.02233 
v 112 40 113 76 0.02233 
v 112 113 101 76 0.00306502 
v 113 5 137 138 0.00627999 
v 113 18 5 138 0.0129704 
v 113 100 112 101 1.39562e-08 
v 113 102 126 114 0.00131364 
v 113 111 102 119 0.020459 
v 113 137 125 138 0.00229864 
v 114 102 126 127 0.00179449 
v 114 103 102 127 0.0015825 
v 114 113 102 119 0.0118119 
v 114 116 128 119 0.0161355 
v 114 126 128 115 0.00158258 
v 116 102 104 117 0.00432346 
v 116 102 114 115 0.00158258 
v 116 104 127 128 0.00179449 
v 116 114 128 115 0.00158258 
v 117 81 104 45 0.0343144 
v 117 104 32 45 0.0259408 
v 117 118 141 129 0.000841408 
v 117 119 130 129 0.00209344 
v 117 130 118 129 1.39562e-08 
v 117 140 128 129 0.0017378 
v 117 141 140 129 0.00229864 
v 118 81 117 45 0.0125606 
v 118 82 81 46 0.02233 
v 118 105 106 117 1.39562e-08 
v 118 117 141 9 0.00229876 
v 118 130 141 129 0.00112189 
v 119 102 116 117 0.00432346 
v 119 104 102 117 0.0118121 
v 119 105 104 117 0.00571906 
v 119 106 105 117 0.00209344 
v 119 116 128 117 0.00432346 
v 119 118 106 117 0.00279125 
v 119 130 118 117 0.00279125 
v 120 97 108 109 2.02067e-07 
v 120 102 99 110 0.0407817 
v 120 109 132 121 2.02067e-07 
v 120 110 121 131 0.0149274 
v 120 110 128 119 0.00432346 
v 121 110 123 131 0.0258548 
v 121 123 143 131 0.0225528 
v 121 143 133 144 0.00418708 
v 122 123 135 121 0.00348921 
v 122 135 134 121 0.00400008 
v 123 111 126 110 0.0165094 
v 123 125 141 131 0.0270631 
v 123 137 136 135 0.00348904 
v 123 143 137 135 0.0451049 
v 124 111 113 125 0.00209344 
v 124 112 137 125 0.00112189 
v 124 113 112 125 1.39562e-08 
v 125 111 126 123 0.00953173 
v 125 124 111 123 0.00348905 
v 125 126 113 138 0.0017378 
v 125 126 139 127 0.00139554 
v 125 137 123 141 0.0270631 
v 125 137 139 138 0.00209334 
v 126 18 113 138 0.00358916 
v 126 18 139 19 0.00432375 
v 126 30 19 127 0.00748862 
v 126 102 30 127 0.0232003 
v 126 110 128 131 0.0407817 
v 126 111 113 128 0.0118121 
v 126 113 114 128 0.00432346 
v 126 114 127 115 4.14625e-08 
v 126 123 110 131 0.0706355 
v 126 125 123 131 3.2405e-07 
v 126 125 139 138 0.00158259 
v 126 127 128 115 0.00139571 
v 127 19 128 32 0.00748862 
v 127 103 116 115 0.00139562 
v 127 114 103 115 0.00139562 
v 127 116 128 115 4.14625e-08 
v 127 125 126 129 2.28066e-07 
v 127 126 128 129 1.31675e-07 
v 128 19 139 20 0.00432375 
v 128 104 127 32 0.0232003 
v 128 110 111 119 0.0074884 
v 128 111 113 119 0.020459 
v 128 113 114 119 0.0118119 
v 128 116 104 117 0.00131364 
v 128 119 117 129 0.00571906 
v 128 126 131 129 1.87092e-07 
v 128 131 119 129 0.00953173 
v 128 139 127 129 0.00139554 
v 128 140 139 129 0.00158259 
v 130 118 141 142 0.00149586 
v 131 120 128 119 0.0165094 
v 131 125 141 129 0.0270631 
v 131 126 125 129 3.2405e-07 
v 131 130 119 129 0.00348905 
v 131 132 120 119 1.96117e-07 
v 131 141 130 129 0.00209344 
v 131 141 143 142 0.00348904 
v 132 120 121 131 0.00400005 
v 132 143 121 144 0.00400008 
v 133 135 2 12 0.0149274 
v 133 143 12 144 0.00400005 
v 134 135 3 2 1.96117e-07 
v 134 135 133 121 0.00418708 
v 135 123 143 121 0.0225528 
v 135 134 133 2 0.00400005 
v 135 137 3 138 0.00953173 
v 135 143 133 121 0.0270635 
v 135 143 137 138 3.2405e-07 
v 136 4 3 5 0.00279125 
v 136 112 137 124 0.00149586 
v 137 3 136 135 0.00348905 
v 137 112 113 125 0.000841408 
v 137 124 125 123 0.00209344 
v 137 125 139 141 0.0135318 
v 137 136 124 123 0.00279127 
v 138 3 2 12 0.00432346 
v 138 5 3 11 0.020459 
v 138 6 9 8 0.00432346 
v 138 135 143 12 0.0706355 
v 138 137 139 141 2.28066e-07 
v 138 140 7 8 0.00158258 
v 138 140 9 11 0.0118121 
v 138 143 137 141 3.2405e-07 
v 139 6 138 7 4.14625e-08 
v 139 19 6 7 0.00139562 
v 139 125 127 129 0.009021 
v 139 126 19 127 0.00381271 
v 139 138 141 140 1.31675e-07 
v 139 140 20 8 0.00179449 
v 140 9 20 8 0.00131364 
v 140 117 128 20 0.00358916 
v 140 128 139 20 0.00490296 
v 140 138 9 8 0.00432346 
v 140 138 12 11 0.00432346 
v 140 139 138 7 0.00139571 
v 140 141 9 11 0.00571906 
v 141 9 142 10 1.39562e-08 
v 141 117 140 9 0.00627999 
v 141 118 9 10 0.00306502 
v 141 125 139 129 0.0135318 
v 141 131 130 142 0.00279127 
v 141 138 143 140 1.87092e-07 
v 141 139 140 129 0.00209334 
v 141 143 123 131 0.0451049 
v 142 118 141 10 0.00408672 
v 142 141 143 11 0.00348905 
v 143 123 137 141 0.0451049 
v 143 132 121 131 0.00348921 
v 143 135 133 12 0.0258548 
v 143 138 12 140 0.0407817 
v 143 141 140 11 0.00953173 
v 144 143 12 11 1.96117e-07 
