x 0 -1 0 
x 0.7236 -0.447215 0.52572 
x -0.276385 -0.447215 0.85064 
x -0.894425 -0.447215 0 
x -0.276385 -0.447215 -0.85064 
x 0.7236 -0.447215 -0.52572 
x 0.276385 0.447215 0.85064 
x -0.7236 0.447215 0.52572 
x -0.7236 0.447215 -0.52572 
x 0.276385 0.447215 -0.85064 
x 0.894425 0.447215 0 
x 0 1 0 
f 1 2 3 
f 2 1 6 
f 1 3 4 
f 1 4 5 
f 1 5 6 
f 2 6 11 
f 3 2 7 
f 4 3 8 
f 5 4 9 
f 6 5 10 
f 2 11 7 
f 3 7 8 
f 4 8 9 
f 5 9 10 
f 6 10 11 
f 7 11 12 
f 8 7 12 
f 9 8 12 
f 10 9 12 
f 11 10 12 
c 1 2 1.05145 
c 1 3 1.05145 
c 2 3 1.05145 
c 2 6 1.05144 
c 1 6 1.05145 
c 1 4 1.05146 
c 3 4 1.05146 
c 1 5 1.05145 
c 4 5 1.05146 
c 5 6 1.05145 
c 2 11 1.05146 
c 6 11 1.05146 
c 3 7 1.05146 
c 2 7 1.05147 
c 4 8 1.05146 
c 3 8 1.05147 
c 5 9 1.05147 
c 4 9 1.05146 
c 6 10 1.05147 
c 5 10 1.05146 
c 11 7 1.05146 
c 7 8 1.05145 
c 8 9 1.05144 
c 9 10 1.05145 
c 10 11 1.05146 
c 7 12 1.05145 
c 11 12 1.05146 
c 8 12 1.05145 
c 9 12 1.05145 
c 10 12 1.05145 
v 1 5 3 6 0.156738 
v 2 7 11 6 0.0968715 
v 3 2 1 6 0.0968686 
v 3 5 8 10 0.253609 
v 3 7 2 6 0.156738 
v 4 5 3 1 0.0968718 
v 5 4 3 8 0.156743 
v 7 3 10 6 0.253609 
v 7 10 11 6 0.156743 
v 8 3 10 7 0.253609 
v 8 5 4 9 0.0968715 
v 9 8 5 10 0.156738 
v 9 12 8 10 0.0968686 
v 10 3 5 6 0.253609 
v 10 12 8 7 0.156738 
v 12 10 11 7 0.0968718 
