x -2.5 0 2.5 
x -2 0 2.5 
x -1.5 0 2.5 
x -1 0 2.5 
x -0.5 0 2.5 
x 0 0 2.5 
x 0.5 0 2.5 
x 1 0 2.5 
x 1.5 0 2.5 
x 2 0 2.5 
x 2.5 0 2.5 
x -2.5 0 2 
x -2 0 2 
x -1.5 0 2 
x -1 0 2 
x -0.5 0 2 
x 0 0 2 
x 0.5 0 2 
x 1 0 2 
x 1.5 0 2 
x 2 0 2 
x 2.5 0 2 
x -2.5 0 1.5 
x -2 0 1.5 
x -1.5 0 1.5 
x -1 0 1.5 
x -0.5 0 1.5 
x 0 0 1.5 
x 0.5 0 1.5 
x 1 0 1.5 
x 1.5 0 1.5 
x 2 0 1.5 
x 2.5 0 1.5 
x -2.5 0 1 
x -2 0 1 
x -1.5 0 1 
x -1 0 1 
x -0.5 0 1 
x 0 0 1 
x 0.5 0 1 
x 1 0 1 
x 1.5 0 1 
x 2 0 1 
x 2.5 0 1 
x -2.5 0 0.5 
x -2 0 0.5 
x -1.5 0 0.5 
x -1 0 0.5 
x -0.5 0 0.5 
x 0 0 0.5 
x 0.5 0 0.5 
x 1 0 0.5 
x 1.5 0 0.5 
x 2 0 0.5 
x 2.5 0 0.5 
x -2.5 0 0 
x -2 0 0 
x -1.5 0 0 
x -1 0 0 
x -0.5 0 0 
x 0 0 0 
x 0.5 0 0 
x 1 0 0 
x 1.5 0 0 
x 2 0 0 
x 2.5 0 0 
x -2.5 0 -0.5 
x -2 0 -0.5 
x -1.5 0 -0.5 
x -1 0 -0.5 
x -0.5 0 -0.5 
x 0 0 -0.5 
x 0.5 0 -0.5 
x 1 0 -0.5 
x 1.5 0 -0.5 
x 2 0 -0.5 
x 2.5 0 -0.5 
x -2.5 0 -1 
x -2 0 -1 
x -1.5 0 -1 
x -1 0 -1 
x -0.5 0 -1 
x 0 0 -1 
x 0.5 0 -1 
x 1 0 -1 
x 1.5 0 -1 
x 2 0 -1 
x 2.5 0 -1 
x -2.5 0 -1.5 
x -2 0 -1.5 
x -1.5 0 -1.5 
x -1 0 -1.5 
x -0.5 0 -1.5 
x 0 0 -1.5 
x 0.5 0 -1.5 
x 1 0 -1.5 
x 1.5 0 -1.5 
x 2 0 -1.5 
x 2.5 0 -1.5 
x -2.5 0 -2 
x -2 0 -2 
x -1.5 0 -2 
x -1 0 -2 
x -0.5 0 -2 
x 0 0 -2 
x 0.5 0 -2 
x 1 0 -2 
x 1.5 0 -2 
x 2 0 -2 
x 2.5 0 -2 
x -2.5 0 -2.5 
x -2 0 -2.5 
x -1.5 0 -2.5 
x -1 0 -2.5 
x -0.5 0 -2.5 
x 0 0 -2.5 
x 0.5 0 -2.5 
x 1 0 -2.5 
x 1.5 0 -2.5 
x 2 0 -2.5 
x 2.5 0 -2.5 
f 2 12 1 
f 3 13 2 
f 4 14 3 
f 5 15 4 
f 6 16 5 
f 7 17 6 
f 8 18 7 
f 9 19 8 
f 10 20 9 
f 11 21 10 
f 13 23 12 
f 14 24 13 
f 15 25 14 
f 16 26 15 
f 17 27 16 
f 18 28 17 
f 19 29 18 
f 20 30 19 
f 21 31 20 
f 22 32 21 
f 24 34 23 
f 25 35 24 
f 26 36 25 
f 27 37 26 
f 28 38 27 
f 29 39 28 
f 30 40 29 
f 31 41 30 
f 32 42 31 
f 33 43 32 
f 35 45 34 
f 36 46 35 
f 37 47 36 
f 38 48 37 
f 39 49 38 
f 40 50 39 
f 41 51 40 
f 42 52 41 
f 43 53 42 
f 44 54 43 
f 46 56 45 
f 47 57 46 
f 48 58 47 
f 49 59 48 
f 50 60 49 
f 51 61 50 
f 52 62 51 
f 53 63 52 
f 54 64 53 
f 55 65 54 
f 57 67 56 
f 58 68 57 
f 59 69 58 
f 60 70 59 
f 61 71 60 
f 62 72 61 
f 63 73 62 
f 64 74 63 
f 65 75 64 
f 66 76 65 
f 68 78 67 
f 69 79 68 
f 70 80 69 
f 71 81 70 
f 72 82 71 
f 73 83 72 
f 74 84 73 
f 75 85 74 
f 76 86 75 
f 77 87 76 
f 79 89 78 
f 80 90 79 
f 81 91 80 
f 82 92 81 
f 83 93 82 
f 84 94 83 
f 85 95 84 
f 86 96 85 
f 87 97 86 
f 88 98 87 
f 90 100 89 
f 91 101 90 
f 92 102 91 
f 93 103 92 
f 94 104 93 
f 95 105 94 
f 96 106 95 
f 97 107 96 
f 98 108 97 
f 99 109 98 
f 101 111 100 
f 102 112 101 
f 103 113 102 
f 104 114 103 
f 105 115 104 
f 106 116 105 
f 107 117 106 
f 108 118 107 
f 109 119 108 
f 110 120 109 
f 2 13 12 
f 3 14 13 
f 4 15 14 
f 5 16 15 
f 6 17 16 
f 7 18 17 
f 8 19 18 
f 9 20 19 
f 10 21 20 
f 11 22 21 
f 13 24 23 
f 14 25 24 
f 15 26 25 
f 16 27 26 
f 17 28 27 
f 18 29 28 
f 19 30 29 
f 20 31 30 
f 21 32 31 
f 22 33 32 
f 24 35 34 
f 25 36 35 
f 26 37 36 
f 27 38 37 
f 28 39 38 
f 29 40 39 
f 30 41 40 
f 31 42 41 
f 32 43 42 
f 33 44 43 
f 35 46 45 
f 36 47 46 
f 37 48 47 
f 38 49 48 
f 39 50 49 
f 40 51 50 
f 41 52 51 
f 42 53 52 
f 43 54 53 
f 44 55 54 
f 46 57 56 
f 47 58 57 
f 48 59 58 
f 49 60 59 
f 50 61 60 
f 51 62 61 
f 52 63 62 
f 53 64 63 
f 54 65 64 
f 55 66 65 
f 57 68 67 
f 58 69 68 
f 59 70 69 
f 60 71 70 
f 61 72 71 
f 62 73 72 
f 63 74 73 
f 64 75 74 
f 65 76 75 
f 66 77 76 
f 68 79 78 
f 69 80 79 
f 70 81 80 
f 71 82 81 
f 72 83 82 
f 73 84 83 
f 74 85 84 
f 75 86 85 
f 76 87 86 
f 77 88 87 
f 79 90 89 
f 80 91 90 
f 81 92 91 
f 82 93 92 
f 83 94 93 
f 84 95 94 
f 85 96 95 
f 86 97 96 
f 87 98 97 
f 88 99 98 
f 90 101 100 
f 91 102 101 
f 92 103 102 
f 93 104 103 
f 94 105 104 
f 95 106 105 
f 96 107 106 
f 97 108 107 
f 98 109 108 
f 99 110 109 
f 101 112 111 
f 102 113 112 
f 103 114 113 
f 104 115 114 
f 105 116 115 
f 106 117 116 
f 107 118 117 
f 108 119 118 
f 109 120 119 
f 110 121 120 
c 2 12 0.707107 
c 2 1 0.5 
c 12 1 0.5 
c 3 13 0.707107 
c 3 2 0.5 
c 13 2 0.5 
c 4 14 0.707107 
c 4 3 0.5 
c 14 3 0.5 
c 5 15 0.707107 
c 5 4 0.5 
c 15 4 0.5 
c 6 16 0.707107 
c 6 5 0.5 
c 16 5 0.5 
c 7 17 0.707107 
c 7 6 0.5 
c 17 6 0.5 
c 8 18 0.707107 
c 8 7 0.5 
c 18 7 0.5 
c 9 19 0.707107 
c 9 8 0.5 
c 19 8 0.5 
c 10 20 0.707107 
c 10 9 0.5 
c 20 9 0.5 
c 11 21 0.707107 
c 11 10 0.5 
c 21 10 0.5 
c 13 23 0.707107 
c 13 12 0.5 
c 23 12 0.5 
c 14 24 0.707107 
c 14 13 0.5 
c 24 13 0.5 
c 15 25 0.707107 
c 15 14 0.5 
c 25 14 0.5 
c 16 26 0.707107 
c 16 15 0.5 
c 26 15 0.5 
c 17 27 0.707107 
c 17 16 0.5 
c 27 16 0.5 
c 18 28 0.707107 
c 18 17 0.5 
c 28 17 0.5 
c 19 29 0.707107 
c 19 18 0.5 
c 29 18 0.5 
c 20 30 0.707107 
c 20 19 0.5 
c 30 19 0.5 
c 21 31 0.707107 
c 21 20 0.5 
c 31 20 0.5 
c 22 32 0.707107 
c 22 21 0.5 
c 32 21 0.5 
c 24 34 0.707107 
c 24 23 0.5 
c 34 23 0.5 
c 25 35 0.707107 
c 25 24 0.5 
c 35 24 0.5 
c 26 36 0.707107 
c 26 25 0.5 
c 36 25 0.5 
c 27 37 0.707107 
c 27 26 0.5 
c 37 26 0.5 
c 28 38 0.707107 
c 28 27 0.5 
c 38 27 0.5 
c 29 39 0.707107 
c 29 28 0.5 
c 39 28 0.5 
c 30 40 0.707107 
c 30 29 0.5 
c 40 29 0.5 
c 31 41 0.707107 
c 31 30 0.5 
c 41 30 0.5 
c 32 42 0.707107 
c 32 31 0.5 
c 42 31 0.5 
c 33 43 0.707107 
c 33 32 0.5 
c 43 32 0.5 
c 35 45 0.707107 
c 35 34 0.5 
c 45 34 0.5 
c 36 46 0.707107 
c 36 35 0.5 
c 46 35 0.5 
c 37 47 0.707107 
c 37 36 0.5 
c 47 36 0.5 
c 38 48 0.707107 
c 38 37 0.5 
c 48 37 0.5 
c 39 49 0.707107 
c 39 38 0.5 
c 49 38 0.5 
c 40 50 0.707107 
c 40 39 0.5 
c 50 39 0.5 
c 41 51 0.707107 
c 41 40 0.5 
c 51 40 0.5 
c 42 52 0.707107 
c 42 41 0.5 
c 52 41 0.5 
c 43 53 0.707107 
c 43 42 0.5 
c 53 42 0.5 
c 44 54 0.707107 
c 44 43 0.5 
c 54 43 0.5 
c 46 56 0.707107 
c 46 45 0.5 
c 56 45 0.5 
c 47 57 0.707107 
c 47 46 0.5 
c 57 46 0.5 
c 48 58 0.707107 
c 48 47 0.5 
c 58 47 0.5 
c 49 59 0.707107 
c 49 48 0.5 
c 59 48 0.5 
c 50 60 0.707107 
c 50 49 0.5 
c 60 49 0.5 
c 51 61 0.707107 
c 51 50 0.5 
c 61 50 0.5 
c 52 62 0.707107 
c 52 51 0.5 
c 62 51 0.5 
c 53 63 0.707107 
c 53 52 0.5 
c 63 52 0.5 
c 54 64 0.707107 
c 54 53 0.5 
c 64 53 0.5 
c 55 65 0.707107 
c 55 54 0.5 
c 65 54 0.5 
c 57 67 0.707107 
c 57 56 0.5 
c 67 56 0.5 
c 58 68 0.707107 
c 58 57 0.5 
c 68 57 0.5 
c 59 69 0.707107 
c 59 58 0.5 
c 69 58 0.5 
c 60 70 0.707107 
c 60 59 0.5 
c 70 59 0.5 
c 61 71 0.707107 
c 61 60 0.5 
c 71 60 0.5 
c 62 72 0.707107 
c 62 61 0.5 
c 72 61 0.5 
c 63 73 0.707107 
c 63 62 0.5 
c 73 62 0.5 
c 64 74 0.707107 
c 64 63 0.5 
c 74 63 0.5 
c 65 75 0.707107 
c 65 64 0.5 
c 75 64 0.5 
c 66 76 0.707107 
c 66 65 0.5 
c 76 65 0.5 
c 68 78 0.707107 
c 68 67 0.5 
c 78 67 0.5 
c 69 79 0.707107 
c 69 68 0.5 
c 79 68 0.5 
c 70 80 0.707107 
c 70 69 0.5 
c 80 69 0.5 
c 71 81 0.707107 
c 71 70 0.5 
c 81 70 0.5 
c 72 82 0.707107 
c 72 71 0.5 
c 82 71 0.5 
c 73 83 0.707107 
c 73 72 0.5 
c 83 72 0.5 
c 74 84 0.707107 
c 74 73 0.5 
c 84 73 0.5 
c 75 85 0.707107 
c 75 74 0.5 
c 85 74 0.5 
c 76 86 0.707107 
c 76 75 0.5 
c 86 75 0.5 
c 77 87 0.707107 
c 77 76 0.5 
c 87 76 0.5 
c 79 89 0.707107 
c 79 78 0.5 
c 89 78 0.5 
c 80 90 0.707107 
c 80 79 0.5 
c 90 79 0.5 
c 81 91 0.707107 
c 81 80 0.5 
c 91 80 0.5 
c 82 92 0.707107 
c 82 81 0.5 
c 92 81 0.5 
c 83 93 0.707107 
c 83 82 0.5 
c 93 82 0.5 
c 84 94 0.707107 
c 84 83 0.5 
c 94 83 0.5 
c 85 95 0.707107 
c 85 84 0.5 
c 95 84 0.5 
c 86 96 0.707107 
c 86 85 0.5 
c 96 85 0.5 
c 87 97 0.707107 
c 87 86 0.5 
c 97 86 0.5 
c 88 98 0.707107 
c 88 87 0.5 
c 98 87 0.5 
c 90 100 0.707107 
c 90 89 0.5 
c 100 89 0.5 
c 91 101 0.707107 
c 91 90 0.5 
c 101 90 0.5 
c 92 102 0.707107 
c 92 91 0.5 
c 102 91 0.5 
c 93 103 0.707107 
c 93 92 0.5 
c 103 92 0.5 
c 94 104 0.707107 
c 94 93 0.5 
c 104 93 0.5 
c 95 105 0.707107 
c 95 94 0.5 
c 105 94 0.5 
c 96 106 0.707107 
c 96 95 0.5 
c 106 95 0.5 
c 97 107 0.707107 
c 97 96 0.5 
c 107 96 0.5 
c 98 108 0.707107 
c 98 97 0.5 
c 108 97 0.5 
c 99 109 0.707107 
c 99 98 0.5 
c 109 98 0.5 
c 101 111 0.707107 
c 101 100 0.5 
c 111 100 0.5 
c 102 112 0.707107 
c 102 101 0.5 
c 112 101 0.5 
c 103 113 0.707107 
c 103 102 0.5 
c 113 102 0.5 
c 104 114 0.707107 
c 104 103 0.5 
c 114 103 0.5 
c 105 115 0.707107 
c 105 104 0.5 
c 115 104 0.5 
c 106 116 0.707107 
c 106 105 0.5 
c 116 105 0.5 
c 107 117 0.707107 
c 107 106 0.5 
c 117 106 0.5 
c 108 118 0.707107 
c 108 107 0.5 
c 118 107 0.5 
c 109 119 0.707107 
c 109 108 0.5 
c 119 108 0.5 
c 110 120 0.707107 
c 110 109 0.5 
c 120 109 0.5 
c 11 22 0.5 
c 22 33 0.5 
c 33 44 0.5 
c 44 55 0.5 
c 55 66 0.5 
c 66 77 0.5 
c 77 88 0.5 
c 88 99 0.5 
c 99 110 0.5 
c 112 111 0.5 
c 113 112 0.5 
c 114 113 0.5 
c 115 114 0.5 
c 116 115 0.5 
c 117 116 0.5 
c 118 117 0.5 
c 119 118 0.5 
c 120 119 0.5 
c 110 121 0.5 
c 121 120 0.5 
