x 0 0.585271 -2.94236 
x 0 1.14805 -2.77164 
x 0.43934 1.06066 -2.77164 
x 1.12599 2.71838 0.585271 
x 0.223974 0.54072 -2.94236 
x 0 1.14805 2.77164 
x 0.223974 0.54072 2.94236 
x 1.06066 2.56066 -1.14805 
x 0 2.49441 -1.66671 
x 0.811794 1.95984 -2.12132 
x 1.3411e-06 2.49441 1.66671 
x 0.954569 2.30453 1.66671 
x 0 2.77164 1.14805 
x 0.637823 1.53984 -2.49441 
x 1.5 1.5 -2.12132 
x 1.06066 2.56066 1.14805 
x 1.17854 1.17854 -2.49441 
x 1.14805 2.77164 0 
x 1.12599 2.71838 -0.585271 
x 1.95984 1.95984 -1.14805 
x 0.43934 1.06066 2.77164 
x 0.954569 2.30453 -1.66671 
x 0.811794 1.95984 2.12132 
x 0.637823 1.53984 2.49441 
x 1.17854 1.17854 2.49441 
x 1.76381 1.76381 -1.66671 
x 1.5 1.5 2.12132 
x 0.811794 0.811794 2.77164 
x 1.06066 0.43934 2.77164 
x 1.76381 1.76381 1.66671 
x 2.30453 0.954569 1.66671 
x 0.811794 0.811794 -2.77164 
x 1.06066 0.43934 -2.77164 
x 1.95984 1.95984 1.14805 
x 2.08056 2.08056 0.585271 
x 2.56066 1.06066 1.14805 
x 0.413849 0.413849 -2.94236 
x 2.12132 2.12132 0 
x 2.71838 1.12599 0.585271 
x 0.54072 0.223973 -2.94236 
x 2.08056 2.08056 -0.585271 
x 2.77164 1.14805 0 
x 0.413849 0.413849 2.94236 
x 0.54072 0.223973 2.94236 
x 1.66671 -2.23517e-07 -2.49441 
x 0.585271 -1.56462e-07 -2.94236 
x 3 -4.47035e-07 0 
x 2.71838 1.12599 -0.585271 
x 1.14805 -1.3411e-07 2.77164 
x 2.30453 0.954569 -1.66671 
x 2.56066 1.06066 -1.14805 
x 2.77164 -3.57628e-07 -1.14805 
x 1.95984 0.811794 2.12132 
x 1.53984 0.637823 2.49441 
x 1.66671 -2.23517e-07 2.49441 
x 1.95984 0.811794 -2.12132 
x 2.12132 -2.68221e-07 -2.12132 
x 1.53984 0.637823 -2.49441 
x 2.49441 -2.68221e-07 -1.66671 
x 2.30453 -0.954569 -1.66671 
x 1.95984 -0.811794 -2.12132 
x 2.49441 -2.68221e-07 1.66671 
x 2.12132 -2.68221e-07 2.12132 
x 1.95984 -0.811794 2.12132 
x 2.77164 -3.57628e-07 1.14805 
x 2.94236 -4.47035e-07 0.585271 
x 2.71838 -1.12599 0.585271 
x 1.14805 -1.3411e-07 -2.77164 
x 1.06066 -0.43934 -2.77164 
x 0.54072 -0.223974 -2.94236 
x 2.77164 -1.14805 0 
x 2.94236 -4.47035e-07 -0.585271 
x 0.585271 -1.56462e-07 2.94236 
x 0.54072 -0.223974 2.94236 
x 1.06066 -0.43934 2.77164 
x 0.811794 -0.811794 -2.77164 
x 2.12132 -2.12132 0 
x 0 0 -3 
x 2.71838 -1.12599 -0.585271 
x 2.08056 -2.08056 -0.585271 
x 0.413849 -0.413849 2.94236 
x 2.56066 -1.06066 -1.14805 
x 1.53984 -0.637823 2.49441 
x 1.5 -1.5 2.12132 
x 1.76381 -1.76381 -1.66671 
x 1.53984 -0.637823 -2.49441 
x 1.5 -1.5 -2.12132 
x 2.56066 -1.06066 1.14805 
x 2.30453 -0.954569 1.66671 
x 1.17854 -1.17854 -2.49441 
x 1.06066 -2.56066 -1.14805 
x 0.954568 -2.30453 -1.66671 
x 0.811793 -1.95984 -2.12132 
x 0.811793 -1.95984 2.12132 
x 1.95984 -1.95984 1.14805 
x 1.76381 -1.76381 1.66671 
x 0.637822 -1.53984 -2.49441 
x 1.12599 -2.71838 0.585271 
x 0.413849 -0.413849 -2.94236 
x 2.08056 -2.08056 0.585271 
x 0.223973 -0.54072 2.94236 
x 1.12599 -2.71838 -0.585271 
x 1.95984 -1.95984 -1.14805 
x 0.811794 -0.811794 2.77164 
x 0.43934 -1.06066 2.77164 
x 1.17854 -1.17854 2.49441 
x 0.637822 -1.53984 2.49441 
x 0.223973 -0.54072 -2.94236 
x 1.14805 -2.77164 0 
x 0 0 3 
x -2.01166e-07 -0.585271 2.94236 
x -8.04663e-07 -2.94236 -0.585271 
x -4.47035e-07 -1.66671 2.49441 
x 0.954568 -2.30453 1.66671 
x -6.70552e-07 -2.12132 2.12132 
x 1.06066 -2.56066 1.14805 
x -5.36442e-07 -2.49441 1.66671 
x 0.43934 -1.06066 -2.77164 
x -3.57628e-07 -1.14805 -2.77164 
x -8.04663e-07 -2.94236 0.585271 
x -6.70552e-07 -2.12132 -2.12132 
x -5.36442e-07 -2.49441 -1.66671 
x -0.811795 -1.95984 -2.12132 
x -4.47035e-07 -1.66671 -2.49441 
x -7.15256e-07 -2.77164 1.14805 
x -1.06066 -2.56066 1.14805 
x -0.43934 -1.06066 -2.77164 
x -2.01166e-07 -0.585271 -2.94236 
x -1.07288e-06 -3 0 
x -1.14805 -2.77164 0 
x -0.223974 -0.54072 2.94236 
x -3.57628e-07 -1.14805 2.77164 
x -7.15256e-07 -2.77164 -1.14805 
x -0.43934 -1.06066 2.77164 
x -2.12132 -2.12132 0 
x -1.12599 -2.71838 -0.585271 
x -0.811795 -0.811794 2.77164 
x -0.637823 -1.53984 2.49441 
x -0.954569 -2.30453 -1.66671 
x -1.06066 -2.56066 -1.14805 
x -1.76381 -1.76381 -1.66671 
x -0.811795 -1.95984 2.12132 
x -0.954569 -2.30453 1.66671 
x -1.76381 -1.76381 1.66671 
x -1.5 -1.5 -2.12132 
x -0.637823 -1.53984 -2.49441 
x -1.95984 -1.95984 1.14805 
x -1.17854 -1.17854 -2.49441 
x -1.12599 -2.71838 0.585271 
x -0.223974 -0.54072 -2.94236 
x -2.30453 -0.954568 -1.66671 
x -1.95984 -0.811793 -2.12132 
x -2.30453 -0.954568 1.66671 
x -0.811795 -0.811794 -2.77164 
x -2.08056 -2.08056 0.585271 
x -0.54072 -0.223973 -2.94236 
x -2.71838 -1.12599 0.585271 
x -0.54072 -0.223973 2.94236 
x -0.413849 -0.413849 -2.94236 
x -2.77164 -1.14805 0 
x -0.413849 -0.413849 2.94236 
x -1.95984 -1.95984 -1.14805 
x -2.08056 -2.08056 -0.585271 
x -2.71838 -1.12599 -0.585271 
x -1.17854 -1.17854 2.49441 
x -1.5 -1.5 2.12132 
x -1.53984 -0.637822 2.49441 
x -1.95984 -0.811793 2.12132 
x -1.06066 -0.439339 2.77164 
x -2.56066 -1.06066 -1.14805 
x -2.77164 1.07288e-06 -1.14805 
x -2.12132 9.83477e-07 2.12132 
x -2.49441 9.83477e-07 -1.66671 
x -2.56066 -1.06066 1.14805 
x -1.53984 -0.637822 -2.49441 
x -1.06066 -0.439339 -2.77164 
x -1.14805 5.36442e-07 -2.77164 
x -0.585271 2.45869e-07 2.94236 
x -2.12132 9.83477e-07 -2.12132 
x -1.66671 5.81145e-07 -2.49441 
x -1.53984 0.637823 -2.49441 
x -2.30453 0.95457 1.66671 
x -2.77164 1.07288e-06 1.14805 
x -2.94236 1.16229e-06 0.585271 
x -0.585271 2.45869e-07 -2.94236 
x -2.71838 1.12599 0.585271 
x -2.77164 1.14805 0 
x -3 1.51992e-06 0 
x -2.94236 1.16229e-06 -0.585271 
x -1.14805 5.36442e-07 2.77164 
x -0.54072 0.223974 2.94236 
x -1.06066 0.43934 2.77164 
x -2.56066 1.06066 -1.14805 
x -1.66671 5.81145e-07 2.49441 
x -2.30453 0.95457 -1.66671 
x -1.95984 0.811795 -2.12132 
x -2.49441 9.83477e-07 1.66671 
x -0.413849 0.413849 2.94236 
x -2.08056 2.08056 -0.585271 
x -1.53984 0.637823 2.49441 
x -1.95984 0.811795 2.12132 
x -1.5 1.5 2.12132 
x -1.5 1.5 -2.12132 
x -1.06066 0.43934 -2.77164 
x -2.56066 1.06066 1.14805 
x -0.54072 0.223974 -2.94236 
x -2.08056 2.08056 0.585271 
x -2.71838 1.12599 -0.585271 
x -0.637822 1.53984 -2.49441 
x -0.811794 0.811795 -2.77164 
x -1.95984 1.95985 1.14805 
x -1.06066 2.56066 1.14805 
x -0.413849 0.413849 -2.94236 
x -0.439339 1.06066 -2.77164 
x -0.223973 0.54072 -2.94236 
x -1.12599 2.71838 0.585271 
x -2.12132 2.12132 0 
x -1.14805 2.77164 0 
x -0.811794 0.811795 2.77164 
x -1.95984 1.95985 -1.14805 
x -1.17854 1.17854 2.49441 
x -0.811793 1.95984 2.12132 
x -1.76381 1.76381 -1.66671 
x -1.76381 1.76381 1.66671 
x -1.17854 1.17854 -2.49441 
x -1.12599 2.71838 -0.585271 
x 0 2.94236 -0.585271 
x -1.06066 2.56066 -1.14805 
x 1.51992e-06 2.77164 -1.14805 
x -0.637822 1.53984 2.49441 
x -0.954568 2.30453 -1.66671 
x 7.15256e-07 1.66671 2.49441 
x 0 2.12132 2.12132 
x -0.811793 1.95984 -2.12132 
x 1.3411e-06 2.12132 -2.12132 
x -0.954568 2.30453 1.66671 
x 0 1.66671 -2.49441 
x 0 2.94236 0.585271 
x -0.223973 0.54072 2.94236 
x 1.87755e-06 3 0 
x -0.439339 1.06066 2.77164 
x 0 0.585271 2.94236 
f 16 13 4 
f 4 13 238 
f 3 2 5 
f 5 2 1 
f 238 240 4 
f 4 240 18 
f 110 242 7 
f 1 78 5 
f 18 240 19 
f 19 240 227 
f 21 7 6 
f 6 7 242 
f 227 229 19 
f 19 229 8 
f 21 6 24 
f 24 6 232 
f 8 229 22 
f 22 229 9 
f 24 232 23 
f 23 232 233 
f 9 235 22 
f 22 235 10 
f 233 11 23 
f 23 11 12 
f 10 235 14 
f 14 235 237 
f 12 11 16 
f 16 11 13 
f 3 14 2 
f 2 14 237 
f 10 14 15 
f 15 14 17 
f 12 16 30 
f 30 16 34 
f 17 14 32 
f 32 14 3 
f 34 16 35 
f 35 16 4 
f 32 3 37 
f 37 3 5 
f 38 35 18 
f 18 35 4 
f 110 7 43 
f 5 78 37 
f 38 18 41 
f 41 18 19 
f 28 43 21 
f 21 43 7 
f 20 41 8 
f 8 41 19 
f 25 28 24 
f 24 28 21 
f 20 8 26 
f 26 8 22 
f 25 24 27 
f 27 24 23 
f 22 10 26 
f 26 10 15 
f 27 23 30 
f 30 23 12 
f 48 41 51 
f 51 41 20 
f 28 25 29 
f 29 25 54 
f 20 26 51 
f 51 26 50 
f 54 25 53 
f 53 25 27 
f 50 26 56 
f 56 26 15 
f 27 30 53 
f 53 30 31 
f 58 56 17 
f 17 56 15 
f 31 30 36 
f 36 30 34 
f 58 17 33 
f 33 17 32 
f 34 35 36 
f 36 35 39 
f 33 32 40 
f 40 32 37 
f 39 35 42 
f 42 35 38 
f 110 43 44 
f 37 78 40 
f 48 42 41 
f 41 42 38 
f 29 44 28 
f 28 44 43 
f 58 33 45 
f 45 33 68 
f 36 39 65 
f 65 39 66 
f 68 33 46 
f 46 33 40 
f 39 42 66 
f 66 42 47 
f 110 44 73 
f 40 78 46 
f 47 42 72 
f 72 42 48 
f 49 73 29 
f 29 73 44 
f 72 48 52 
f 52 48 51 
f 49 29 55 
f 55 29 54 
f 52 51 59 
f 59 51 50 
f 63 55 53 
f 53 55 54 
f 50 56 59 
f 59 56 57 
f 63 53 62 
f 62 53 31 
f 57 56 45 
f 45 56 58 
f 65 62 36 
f 36 62 31 
f 49 55 75 
f 75 55 83 
f 82 52 60 
f 60 52 59 
f 83 55 64 
f 64 55 63 
f 60 59 61 
f 61 59 57 
f 89 64 62 
f 62 64 63 
f 86 61 45 
f 45 61 57 
f 62 65 89 
f 89 65 88 
f 86 45 69 
f 69 45 68 
f 88 65 67 
f 67 65 66 
f 68 46 69 
f 69 46 70 
f 67 66 71 
f 71 66 47 
f 110 73 74 
f 46 78 70 
f 47 72 71 
f 71 72 79 
f 74 73 75 
f 75 73 49 
f 82 79 52 
f 52 79 72 
f 88 67 95 
f 95 67 100 
f 69 70 76 
f 76 70 99 
f 77 100 71 
f 71 100 67 
f 110 74 81 
f 70 78 99 
f 77 71 80 
f 80 71 79 
f 81 74 104 
f 104 74 75 
f 80 79 103 
f 103 79 82 
f 106 104 83 
f 83 104 75 
f 103 82 85 
f 85 82 60 
f 83 64 106 
f 106 64 84 
f 60 61 85 
f 85 61 87 
f 84 64 96 
f 96 64 89 
f 87 61 90 
f 90 61 86 
f 89 88 96 
f 96 88 95 
f 90 86 76 
f 76 86 69 
f 91 103 92 
f 92 103 85 
f 107 106 94 
f 94 106 84 
f 92 85 93 
f 93 85 87 
f 114 94 96 
f 96 94 84 
f 97 93 90 
f 90 93 87 
f 96 95 114 
f 114 95 116 
f 97 90 118 
f 118 90 76 
f 116 95 98 
f 98 95 100 
f 118 76 108 
f 108 76 99 
f 100 77 98 
f 98 77 109 
f 110 81 101 
f 99 78 108 
f 109 77 102 
f 102 77 80 
f 105 101 104 
f 104 101 81 
f 91 102 103 
f 103 102 80 
f 104 106 105 
f 105 106 107 
f 119 118 128 
f 128 118 108 
f 98 109 120 
f 120 109 129 
f 110 101 111 
f 108 78 128 
f 129 109 112 
f 112 109 102 
f 132 111 105 
f 105 111 101 
f 112 102 133 
f 133 102 91 
f 132 105 113 
f 113 105 107 
f 122 133 92 
f 92 133 91 
f 113 107 115 
f 115 107 94 
f 122 92 121 
f 121 92 93 
f 117 115 114 
f 114 115 94 
f 124 121 97 
f 97 121 93 
f 117 114 125 
f 125 114 116 
f 97 118 124 
f 124 118 119 
f 116 98 125 
f 125 98 120 
f 113 115 138 
f 138 115 142 
f 139 122 123 
f 123 122 121 
f 143 142 117 
f 117 142 115 
f 123 121 146 
f 146 121 124 
f 143 117 126 
f 126 117 125 
f 146 124 127 
f 127 124 119 
f 126 125 149 
f 149 125 120 
f 119 128 127 
f 127 128 150 
f 120 129 149 
f 149 129 130 
f 110 111 131 
f 128 78 150 
f 130 129 136 
f 136 129 112 
f 131 111 134 
f 134 111 132 
f 140 136 133 
f 133 136 112 
f 138 134 113 
f 113 134 132 
f 139 140 122 
f 122 140 133 
f 155 149 135 
f 135 149 130 
f 110 131 161 
f 150 78 159 
f 163 135 136 
f 136 135 130 
f 131 134 161 
f 161 134 137 
f 163 136 162 
f 162 136 140 
f 137 134 165 
f 165 134 138 
f 162 140 141 
f 141 140 139 
f 165 138 166 
f 166 138 142 
f 139 123 141 
f 141 123 145 
f 166 142 144 
f 144 142 143 
f 148 145 146 
f 146 145 123 
f 147 144 126 
f 126 144 143 
f 146 127 148 
f 148 127 154 
f 126 149 147 
f 147 149 155 
f 154 127 159 
f 159 127 150 
f 151 141 152 
f 152 141 145 
f 153 168 144 
f 144 168 166 
f 175 152 148 
f 148 152 145 
f 174 153 147 
f 147 153 144 
f 148 154 175 
f 175 154 176 
f 174 147 157 
f 157 147 155 
f 176 154 156 
f 156 154 159 
f 157 155 160 
f 160 155 135 
f 110 161 158 
f 159 78 156 
f 164 160 163 
f 163 160 135 
f 169 158 137 
f 137 158 161 
f 170 164 162 
f 162 164 163 
f 169 137 167 
f 167 137 165 
f 170 162 151 
f 151 162 141 
f 167 165 168 
f 168 165 166 
f 156 78 185 
f 189 188 164 
f 164 188 160 
f 178 158 190 
f 190 158 169 
f 189 164 171 
f 171 164 170 
f 194 190 167 
f 167 190 169 
f 170 151 171 
f 171 151 173 
f 194 167 172 
f 172 167 168 
f 173 151 179 
f 179 151 152 
f 197 172 153 
f 153 172 168 
f 180 179 175 
f 175 179 152 
f 197 153 183 
f 183 153 174 
f 180 175 177 
f 177 175 176 
f 174 157 183 
f 183 157 184 
f 185 177 156 
f 156 177 176 
f 184 157 188 
f 188 157 160 
f 110 158 178 
f 181 196 180 
f 180 196 179 
f 182 197 205 
f 205 197 183 
f 181 180 204 
f 204 180 177 
f 205 183 186 
f 186 183 184 
f 204 177 206 
f 206 177 185 
f 186 184 187 
f 187 184 188 
f 110 178 191 
f 185 78 206 
f 208 187 189 
f 189 187 188 
f 178 190 191 
f 191 190 192 
f 193 208 171 
f 171 208 189 
f 200 192 194 
f 194 192 190 
f 171 173 193 
f 193 173 195 
f 200 194 201 
f 201 194 172 
f 195 173 196 
f 196 173 179 
f 182 201 197 
f 197 201 172 
f 191 192 198 
f 198 192 219 
f 220 199 193 
f 193 199 208 
f 219 192 221 
f 221 192 200 
f 220 193 223 
f 223 193 195 
f 200 201 221 
f 221 201 202 
f 195 196 223 
f 223 196 203 
f 202 201 224 
f 224 201 182 
f 203 196 225 
f 225 196 181 
f 211 224 205 
f 205 224 182 
f 181 204 225 
f 225 204 210 
f 211 205 207 
f 207 205 186 
f 210 204 213 
f 213 204 206 
f 186 187 207 
f 207 187 217 
f 110 191 198 
f 206 78 213 
f 217 187 199 
f 199 187 208 
f 236 224 212 
f 212 224 211 
f 225 210 209 
f 209 210 214 
f 211 207 212 
f 212 207 216 
f 215 214 213 
f 213 214 210 
f 207 217 216 
f 216 217 218 
f 110 198 239 
f 213 78 215 
f 218 217 226 
f 226 217 199 
f 239 198 241 
f 241 198 219 
f 226 199 228 
f 228 199 220 
f 241 219 230 
f 230 219 221 
f 220 223 228 
f 228 223 231 
f 221 202 230 
f 230 202 222 
f 223 203 231 
f 231 203 234 
f 222 202 236 
f 236 202 224 
f 234 203 209 
f 209 203 225 
f 227 226 229 
f 229 226 228 
f 6 241 232 
f 232 241 230 
f 9 229 231 
f 231 229 228 
f 233 232 222 
f 222 232 230 
f 9 231 235 
f 235 231 234 
f 233 222 11 
f 11 222 236 
f 235 234 237 
f 237 234 209 
f 13 11 212 
f 212 11 236 
f 209 214 237 
f 237 214 2 
f 212 216 13 
f 13 216 238 
f 1 2 215 
f 215 2 214 
f 238 216 240 
f 240 216 218 
f 110 239 242 
f 215 78 1 
f 227 240 226 
f 226 240 218 
f 242 239 6 
f 6 239 241 
c 1 2 0.588103 
c 1 5 0.228361 
c 1 78 0.588103 
c 1 215 0.228361 
c 2 3 0.447947 
c 2 5 0.669447 
c 2 14 0.798231 
c 2 214 0.447946 
c 2 215 0.669447 
c 2 234 1.31944 
c 2 235 1.17054 
c 2 237 0.588103 
c 3 5 0.588103 
c 3 14 0.588103 
c 3 32 0.447947 
c 3 37 0.669447 
c 3 235 1.31944 
c 4 11 1.57719 
c 4 12 1.17054 
c 4 13 1.25993 
c 4 16 0.588103 
c 4 18 0.588103 
c 4 19 1.17054 
c 4 30 1.57719 
c 4 35 1.14805 
c 4 41 1.63957 
c 4 229 2.06763 
c 4 238 1.14805 
c 4 240 1.29989 
c 5 37 0.228361 
c 5 78 0.588103 
c 5 215 0.447947 
c 5 235 1.79515 
c 6 7 0.669447 
c 6 21 0.447947 
c 6 24 0.798231 
c 6 222 1.31944 
c 6 232 0.588103 
c 6 239 0.669447 
c 6 241 0.447946 
c 6 242 0.588103 
c 7 21 0.588103 
c 7 43 0.228361 
c 7 110 0.588103 
c 7 222 1.93928 
c 7 239 0.447947 
c 7 242 0.228361 
c 8 19 0.588103 
c 8 20 1.08144 
c 8 22 0.588103 
c 8 26 1.18254 
c 8 41 1.25993 
c 8 229 1.08144 
c 9 22 0.97327 
c 9 229 0.588103 
c 9 231 0.973269 
c 9 235 0.588103 
c 10 14 0.588103 
c 10 15 0.827698 
c 10 22 0.588103 
c 10 26 1.07305 
c 10 235 0.827697 
c 11 12 0.973269 
c 11 13 0.588103 
c 11 16 1.18254 
c 11 21 1.86266 
c 11 23 1.07305 
c 11 24 1.41531 
c 11 27 1.85621 
c 11 28 2.1705 
c 11 29 2.56304 
c 11 30 1.90914 
c 11 35 2.38107 
c 11 39 3.22981 
c 11 53 2.62276 
c 11 62 3.52763 
c 11 63 3.30586 
c 11 64 3.87022 
c 11 96 4.60907 
c 11 114 4.89296 
c 11 212 1.18254 
c 11 216 1.57719 
c 11 222 1.07305 
c 11 229 2.82838 
c 11 232 1.17054 
c 11 233 0.588102 
c 11 236 0.97327 
c 11 238 1.17054 
c 11 240 1.74171 
c 12 16 0.588103 
c 12 23 0.588103 
c 12 30 0.97327 
c 13 16 1.08144 
c 13 212 1.08144 
c 13 216 1.25992 
c 13 238 0.588103 
c 14 15 0.940283 
c 14 17 0.650318 
c 14 32 0.798231 
c 14 235 0.940282 
c 14 237 0.650318 
c 15 17 0.588103 
c 15 26 0.588103 
c 15 32 1.17054 
c 15 56 0.827698 
c 15 235 1.62359 
c 16 30 1.18254 
c 16 34 1.08144 
c 16 35 1.25993 
c 17 32 0.588103 
c 17 33 0.798231 
c 17 56 0.940283 
c 17 58 0.650318 
c 17 235 1.55467 
c 18 19 0.588103 
c 18 35 1.29989 
c 18 38 1.17054 
c 18 41 1.29989 
c 18 229 1.62359 
c 18 240 1.17054 
c 19 22 1.17054 
c 19 26 1.57719 
c 19 41 1.14805 
c 19 227 1.14805 
c 19 229 1.25992 
c 19 240 1.29989 
c 20 26 0.588103 
c 20 41 0.588103 
c 20 51 1.08144 
c 21 24 0.588103 
c 21 27 1.31944 
c 21 28 0.447947 
c 21 43 0.669447 
c 21 222 1.67236 
c 22 26 0.97327 
c 22 229 1.18254 
c 22 235 1.07305 
c 23 24 0.588103 
c 23 27 0.827698 
c 23 30 1.07305 
c 23 232 0.940282 
c 23 233 0.827698 
c 24 25 0.650318 
c 24 27 0.940283 
c 24 28 0.798231 
c 24 222 1.55467 
c 24 232 0.650318 
c 25 27 0.588103 
c 25 28 0.588103 
c 25 29 0.798231 
c 25 53 0.940283 
c 25 54 0.650318 
c 26 41 1.17054 
c 26 48 1.57719 
c 26 50 0.97327 
c 26 51 1.18254 
c 26 56 1.07305 
c 26 59 1.90914 
c 26 229 2.0966 
c 26 235 1.85621 
c 27 28 1.17054 
c 27 30 0.588103 
c 27 53 0.827698 
c 28 29 0.447947 
c 28 43 0.588103 
c 28 44 0.669447 
c 28 53 1.31944 
c 28 222 2.09212 
c 29 44 0.588103 
c 29 49 0.447947 
c 29 53 1.17054 
c 29 54 0.588103 
c 29 55 0.798231 
c 29 63 1.31944 
c 29 73 0.669447 
c 29 222 2.49818 
c 30 31 0.97327 
c 30 34 0.588103 
c 30 35 1.17054 
c 30 36 1.18254 
c 30 39 1.57719 
c 30 53 1.07305 
c 30 62 1.90914 
c 31 36 0.588103 
c 31 39 1.17054 
c 31 53 0.588103 
c 31 62 0.97327 
c 32 33 0.447947 
c 32 37 0.588103 
c 32 40 0.669447 
c 32 56 1.31944 
c 32 235 1.67236 
c 33 40 0.588103 
c 33 45 0.798231 
c 33 46 0.669447 
c 33 56 1.17054 
c 33 57 1.31944 
c 33 58 0.588103 
c 33 68 0.447947 
c 33 235 2.09212 
c 34 35 0.588103 
c 34 36 1.08144 
c 35 36 1.25993 
c 35 38 0.588103 
c 35 39 1.14805 
c 35 41 1.17054 
c 35 42 1.29989 
c 35 48 1.63957 
c 35 229 2.79477 
c 36 39 0.588103 
c 36 62 1.18254 
c 36 65 1.08144 
c 37 40 0.228361 
c 37 78 0.588103 
c 37 215 0.650318 
c 37 235 1.93928 
c 38 41 0.588103 
c 38 42 1.17054 
c 39 42 0.588103 
c 39 48 1.17054 
c 39 60 3.09377 
c 39 62 1.57719 
c 39 65 1.25993 
c 39 66 1.14805 
c 39 72 1.63957 
c 39 89 2.38107 
c 39 229 3.61969 
c 40 46 0.228361 
c 40 56 1.74171 
c 40 78 0.588103 
c 40 215 0.827698 
c 40 235 2.13691 
c 41 42 1.29989 
c 41 48 1.14805 
c 41 51 1.25993 
c 41 229 2.26341 
c 42 47 1.17054 
c 42 48 0.588103 
c 42 66 1.29989 
c 42 72 1.29989 
c 43 44 0.228361 
c 43 110 0.588103 
c 43 222 2.13691 
c 43 239 0.650318 
c 44 53 1.74171 
c 44 73 0.228361 
c 44 110 0.588103 
c 44 222 2.34875 
c 44 239 0.827698 
c 45 56 0.940283 
c 45 57 0.588103 
c 45 58 0.650318 
c 45 61 0.940283 
c 45 68 0.588103 
c 45 69 0.798231 
c 45 86 0.650318 
c 46 56 1.79515 
c 46 57 1.74171 
c 46 61 1.79515 
c 46 68 0.588103 
c 46 69 0.669447 
c 46 70 0.228361 
c 46 78 0.588103 
c 46 128 0.827698 
c 46 156 1.14805 
c 46 196 2.79477 
c 46 215 0.97327 
c 46 234 2.54301 
c 46 235 2.34875 
c 47 66 0.588103 
c 47 71 1.17054 
c 47 72 0.588103 
c 48 50 1.17054 
c 48 51 0.588103 
c 48 52 1.25993 
c 48 59 1.57719 
c 48 60 2.38107 
c 48 72 1.14805 
c 48 229 3.22715 
c 49 55 0.588103 
c 49 63 1.17054 
c 49 64 1.31944 
c 49 73 0.588103 
c 49 75 0.447947 
c 50 51 0.588103 
c 50 56 0.588103 
c 50 59 0.97327 
c 51 52 1.08144 
c 51 59 1.18254 
c 52 59 0.588103 
c 52 60 1.18254 
c 52 72 0.588103 
c 52 79 1.25993 
c 52 82 1.08144 
c 53 54 0.588103 
c 53 55 0.940283 
c 53 62 1.07305 
c 53 63 0.827698 
c 53 64 1.62359 
c 53 73 1.79515 
c 53 222 3 
c 54 55 0.650318 
c 55 63 0.588103 
c 55 64 0.940283 
c 55 75 0.798231 
c 55 83 0.650318 
c 56 57 0.827698 
c 56 58 0.588103 
c 56 59 1.07305 
c 56 229 2.93755 
c 56 235 2.35708 
c 57 59 0.588103 
c 57 61 0.827698 
c 57 68 1.17054 
c 57 229 3.62343 
c 57 235 3 
c 59 60 0.97327 
c 59 61 1.07305 
c 59 72 1.17054 
c 59 229 3.76471 
c 60 61 0.588103 
c 60 66 2.52773 
c 60 67 2.2961 
c 60 72 1.57719 
c 60 79 1.17054 
c 60 82 0.588103 
c 60 85 0.97327 
c 60 89 3.33342 
c 60 96 3.4726 
c 60 229 4.41186 
c 61 68 1.31944 
c 61 69 1.17054 
c 61 70 1.74171 
c 61 76 1.31944 
c 61 85 1.07305 
c 61 86 0.588102 
c 61 87 0.827698 
c 61 90 0.940283 
c 61 92 1.85621 
c 61 93 1.62359 
c 61 99 1.79515 
c 61 229 4.19872 
c 61 234 3.91969 
c 61 235 3.52763 
c 62 63 0.588103 
c 62 64 1.07305 
c 62 65 0.588103 
c 62 66 1.17054 
c 62 89 0.97327 
c 62 229 4.67193 
c 63 64 0.827698 
c 63 73 1.74171 
c 64 73 1.79515 
c 64 74 1.74171 
c 64 75 1.17054 
c 64 81 1.79515 
c 64 83 0.588102 
c 64 84 0.827698 
c 64 89 0.588103 
c 64 94 1.62359 
c 64 96 1.07305 
c 64 104 1.31944 
c 64 106 0.940283 
c 64 114 1.85621 
c 64 222 3.91969 
c 64 229 5.23171 
c 65 66 0.588103 
c 65 67 1.25993 
c 65 88 1.08144 
c 65 89 1.18254 
c 66 67 1.14805 
c 66 71 1.29989 
c 66 72 1.17054 
c 66 79 1.63957 
c 66 89 1.57719 
c 67 71 0.588103 
c 67 79 1.17054 
c 67 80 1.63957 
c 67 85 2.52773 
c 67 88 0.588103 
c 67 89 1.17054 
c 67 95 1.25993 
c 67 96 1.57719 
c 67 100 1.14805 
c 68 69 0.447947 
c 69 70 0.588103 
c 69 76 0.447947 
c 69 86 0.588103 
c 70 76 0.669447 
c 70 78 0.588103 
c 70 93 1.93929 
c 70 99 0.228361 
c 70 108 0.447947 
c 70 121 2.13691 
c 70 128 0.650318 
c 70 196 2.82838 
c 70 234 2.69675 
c 70 235 2.54301 
c 71 72 1.29989 
c 71 77 1.17054 
c 71 79 0.588103 
c 71 80 1.29989 
c 71 100 1.29989 
c 72 79 1.14805 
c 73 74 0.228361 
c 73 75 0.669447 
c 73 110 0.588103 
c 73 111 0.827698 
c 73 158 1.14805 
c 73 201 2.79477 
c 73 222 2.54301 
c 73 239 0.97327 
c 74 75 0.588103 
c 74 81 0.228361 
c 74 94 1.93929 
c 74 101 0.447947 
c 74 104 0.669447 
c 74 110 0.588103 
c 74 111 0.650318 
c 74 115 2.13691 
c 74 201 2.82838 
c 74 222 2.69675 
c 75 83 0.588103 
c 75 104 0.447947 
c 76 86 0.798231 
c 76 87 1.17054 
c 76 90 0.588103 
c 76 93 1.31944 
c 76 99 0.588103 
c 76 108 0.669447 
c 76 118 0.447947 
c 77 80 0.588103 
c 77 98 1.29989 
c 77 100 0.588103 
c 77 102 1.29989 
c 77 109 1.17054 
c 78 99 0.588103 
c 78 108 0.588103 
c 78 128 0.588103 
c 78 150 0.588103 
c 78 156 0.588103 
c 78 159 0.588103 
c 78 185 0.588103 
c 78 206 0.588103 
c 78 213 0.588103 
c 78 215 0.588103 
c 79 80 1.14805 
c 79 82 0.588103 
c 79 85 1.57719 
c 79 103 1.25993 
c 80 85 1.17054 
c 80 96 2.2961 
c 80 98 1.63957 
c 80 100 1.17054 
c 80 102 1.14805 
c 80 103 0.588103 
c 81 94 1.79515 
c 81 101 0.228361 
c 81 104 0.588103 
c 81 110 0.588103 
c 82 85 1.18254 
c 82 103 1.08144 
c 83 104 0.798231 
c 83 106 0.650318 
c 84 94 0.827698 
c 84 96 0.588103 
c 84 104 1.17054 
c 84 106 0.588102 
c 85 87 0.588103 
c 85 92 0.97327 
c 85 93 1.07305 
c 85 96 3.33342 
c 85 98 2.52773 
c 85 102 1.57719 
c 85 103 0.588103 
c 85 114 3.4726 
c 85 229 4.89391 
c 85 235 4.29092 
c 86 90 0.650318 
c 87 90 0.588102 
c 87 93 0.827698 
c 88 89 0.588103 
c 88 95 1.08144 
c 88 96 1.18254 
c 89 96 0.97327 
c 89 229 5.20753 
c 90 93 0.940283 
c 90 97 0.650318 
c 90 118 0.798231 
c 91 92 0.588103 
c 91 102 0.588103 
c 91 103 1.08144 
c 91 133 1.08144 
c 92 93 0.588103 
c 92 98 2.2961 
c 92 102 1.17054 
c 92 103 1.18254 
c 92 114 3.33342 
c 92 121 1.07305 
c 92 122 0.97327 
c 92 133 1.18254 
c 92 136 2.38107 
c 92 149 3.09377 
c 92 179 3.87022 
c 92 196 4.29092 
c 92 216 5.88471 
c 92 226 5.54328 
c 92 229 5.19112 
c 92 234 4.63806 
c 92 235 4.55039 
c 93 97 0.588102 
c 93 99 1.79515 
c 93 108 1.74171 
c 93 118 1.17054 
c 93 121 0.827698 
c 93 234 4.24264 
c 94 96 1.07305 
c 94 101 1.74171 
c 94 104 1.31944 
c 94 105 1.17054 
c 94 106 0.940283 
c 94 107 0.588102 
c 94 114 0.588103 
c 94 115 0.827698 
c 94 222 4.24264 
c 95 96 0.588103 
c 95 98 1.25993 
c 95 100 0.588103 
c 95 114 1.18254 
c 95 116 1.08144 
c 96 98 1.57719 
c 96 100 1.17054 
c 96 114 0.97327 
c 96 216 5.44156 
c 96 222 4.55039 
c 96 229 5.62176 
c 97 118 0.588103 
c 97 121 0.940283 
c 97 124 0.650318 
c 98 100 1.14805 
c 98 102 1.17054 
c 98 109 0.588103 
c 98 112 1.63957 
c 98 114 1.17054 
c 98 116 0.588103 
c 98 117 1.57719 
c 98 120 1.14805 
c 98 125 1.25993 
c 98 136 2.53803 
c 98 149 2.25198 
c 99 108 0.228361 
c 101 104 0.669447 
c 101 105 0.588103 
c 101 110 0.588103 
c 101 111 0.228361 
c 101 115 1.79515 
c 101 201 2.69675 
c 102 103 1.25993 
c 102 109 0.588103 
c 102 112 1.14805 
c 102 122 1.57719 
c 102 133 1.25993 
c 102 136 2.25198 
c 104 105 0.447947 
c 104 106 0.588103 
c 105 106 0.798231 
c 105 107 0.588103 
c 105 111 0.669447 
c 105 113 0.798231 
c 105 115 1.31944 
c 105 132 0.447947 
c 106 107 0.650318 
c 107 113 0.650318 
c 107 115 0.940283 
c 108 118 0.588103 
c 108 121 1.79515 
c 108 128 0.228361 
c 108 196 2.69675 
c 109 112 1.29989 
c 109 120 1.29989 
c 109 129 1.17054 
c 110 111 0.588103 
c 110 131 0.588103 
c 110 158 0.588103 
c 110 161 0.588103 
c 110 178 0.588103 
c 110 191 0.588103 
c 110 198 0.588103 
c 110 239 0.588103 
c 110 242 0.588103 
c 111 115 1.74171 
c 111 131 0.228361 
c 111 132 0.588103 
c 111 134 0.669447 
c 111 158 0.650318 
c 111 172 2.34875 
c 111 201 2.54301 
c 112 120 1.17054 
c 112 122 1.17054 
c 112 129 0.588103 
c 112 133 0.588103 
c 112 136 1.14805 
c 112 149 1.63957 
c 113 115 0.588102 
c 113 132 0.588103 
c 113 134 0.798231 
c 113 138 0.650318 
c 114 115 1.07305 
c 114 116 0.588103 
c 114 117 0.97327 
c 114 125 1.18254 
c 114 149 2.38107 
c 114 172 3.87022 
c 114 201 4.29092 
c 114 216 5.54328 
c 114 222 4.63806 
c 114 229 5.88231 
c 115 117 0.588103 
c 115 131 1.79515 
c 115 132 1.17054 
c 115 134 1.31944 
c 115 138 0.940283 
c 115 142 0.827698 
c 115 168 2.35708 
c 115 172 3 
c 115 201 3.52763 
c 115 222 4.16112 
c 116 125 1.08144 
c 117 120 1.17054 
c 117 125 0.588103 
c 117 126 1.18254 
c 117 142 1.07305 
c 117 143 0.97327 
c 117 149 1.57719 
c 117 168 2.62276 
c 117 172 3.30587 
c 118 119 0.447947 
c 118 121 1.31944 
c 118 124 0.798231 
c 118 128 0.669447 
c 119 121 1.17054 
c 119 124 0.588103 
c 119 127 0.447947 
c 119 128 0.588103 
c 120 125 0.588103 
c 120 129 0.588103 
c 120 149 1.14805 
c 121 122 0.588103 
c 121 123 0.827698 
c 121 124 0.588102 
c 121 127 1.31944 
c 121 128 1.74171 
c 121 146 0.940283 
c 121 150 1.79515 
c 121 152 2.35708 
c 121 179 3 
c 121 196 3.52763 
c 121 234 4.16112 
c 122 123 1.07305 
c 122 133 0.588103 
c 122 136 1.57719 
c 122 139 0.97327 
c 122 140 1.18254 
c 122 152 2.62276 
c 122 179 3.30587 
c 123 127 1.17054 
c 123 136 1.74171 
c 123 139 0.588103 
c 123 140 1.17054 
c 123 141 1.07305 
c 123 145 0.827698 
c 123 146 0.588102 
c 123 150 1.74171 
c 123 152 1.62359 
c 123 159 1.79515 
c 123 162 1.50508 
c 124 127 0.798231 
c 124 146 0.650318 
c 125 126 1.08144 
c 125 149 1.25993 
c 126 142 1.17054 
c 126 143 0.588103 
c 126 144 1.18254 
c 126 147 1.08144 
c 126 149 0.588103 
c 127 128 0.669447 
c 127 145 1.31944 
c 127 146 0.588103 
c 127 148 0.798231 
c 127 150 0.588103 
c 127 154 0.447947 
c 127 159 0.669447 
c 128 150 0.228361 
c 128 156 0.650318 
c 128 179 2.34875 
c 128 196 2.54301 
c 129 130 1.17054 
c 129 136 1.29989 
c 129 149 1.29989 
c 130 135 1.17054 
c 130 136 0.588103 
c 130 149 0.588103 
c 131 134 0.588103 
c 131 142 1.74171 
c 131 158 0.447947 
c 131 161 0.228361 
c 131 168 1.93929 
c 131 172 2.13691 
c 131 201 2.34875 
c 132 134 0.447947 
c 133 136 1.25993 
c 133 140 1.08144 
c 134 137 0.447947 
c 134 138 0.588103 
c 134 142 1.17054 
c 134 161 0.669447 
c 134 165 0.798231 
c 134 166 1.31944 
c 135 136 1.29989 
c 135 149 1.29989 
c 135 155 0.588103 
c 135 160 1.17054 
c 135 163 0.588103 
c 136 140 0.588103 
c 136 149 1.17054 
c 136 152 2.58647 
c 136 155 1.63957 
c 136 157 2.53803 
c 136 162 1.25993 
c 136 163 1.14805 
c 136 164 2.25198 
c 136 179 3.27715 
c 136 196 3.93915 
c 136 216 5.56135 
c 136 226 5.43676 
c 137 158 0.669447 
c 137 161 0.588103 
c 137 165 0.588103 
c 137 166 1.17054 
c 137 167 0.798231 
c 137 168 1.31944 
c 137 169 0.447947 
c 138 142 0.588102 
c 138 165 0.650318 
c 138 166 0.940283 
c 139 140 0.588103 
c 139 141 0.97327 
c 140 141 1.18254 
c 140 162 1.08144 
c 141 145 0.588103 
c 141 151 0.97327 
c 141 152 1.07305 
c 141 162 0.588103 
c 142 143 0.588103 
c 142 144 1.07305 
c 142 147 1.50508 
c 142 149 1.74171 
c 142 161 1.79515 
c 142 166 0.827698 
c 142 168 1.62359 
c 143 144 0.97327 
c 144 147 0.588103 
c 144 153 0.97327 
c 144 166 0.588103 
c 144 168 1.07305 
c 145 146 0.940283 
c 145 148 0.588102 
c 145 152 0.827698 
c 145 154 1.17054 
c 145 159 1.74171 
c 145 162 1.17054 
c 146 148 0.650318 
c 147 149 1.25993 
c 147 153 1.18254 
c 147 155 0.588103 
c 147 157 1.25993 
c 147 166 1.17054 
c 147 168 1.50508 
c 147 174 1.08144 
c 148 152 0.940283 
c 148 154 0.588103 
c 148 175 0.650318 
c 149 155 1.14805 
c 149 157 2.25198 
c 149 168 2.58647 
c 149 172 3.27715 
c 149 201 3.93915 
c 149 216 5.43676 
c 150 152 1.93929 
c 150 156 0.447947 
c 150 159 0.228361 
c 150 179 2.13691 
c 150 196 2.34875 
c 151 152 0.588103 
c 151 162 1.18254 
c 151 164 1.17054 
c 151 170 0.588103 
c 151 171 1.18254 
c 151 173 0.97327 
c 151 179 1.07305 
c 152 154 1.31944 
c 152 156 1.74171 
c 152 159 1.79515 
c 152 162 1.50508 
c 152 163 1.99594 
c 152 164 1.74171 
c 152 175 0.588102 
c 152 176 1.17054 
c 152 179 0.827698 
c 153 157 1.17054 
c 153 168 0.588103 
c 153 172 1.07305 
c 153 174 0.588103 
c 153 183 1.18254 
c 153 197 0.97327 
c 154 156 0.669447 
c 154 159 0.588103 
c 154 175 0.798231 
c 154 176 0.447947 
c 155 157 1.14805 
c 155 160 1.29989 
c 155 163 1.17054 
c 155 164 1.63957 
c 155 168 1.99594 
c 155 172 2.58647 
c 156 159 0.228361 
c 156 176 0.588103 
c 156 177 0.669447 
c 156 179 1.79515 
c 156 185 0.228361 
c 156 196 1.93929 
c 156 213 0.650318 
c 156 215 0.827698 
c 157 160 0.588103 
c 157 164 1.17054 
c 157 168 1.74171 
c 157 172 1.99594 
c 157 174 0.588103 
c 157 183 1.25993 
c 157 184 1.14805 
c 157 188 1.29989 
c 157 189 1.63957 
c 157 201 2.58647 
c 157 216 4.16112 
c 157 226 4.32262 
c 158 161 0.228361 
c 158 168 1.74171 
c 158 169 0.588103 
c 158 172 1.79515 
c 158 178 0.228361 
c 158 190 0.669447 
c 158 198 0.650318 
c 158 201 1.93929 
c 158 239 0.827698 
c 159 179 1.93929 
c 159 196 2.13691 
c 160 163 1.29989 
c 160 164 0.588103 
c 160 188 1.17054 
c 161 166 1.74171 
c 161 168 1.79515 
c 161 172 1.93929 
c 161 201 2.13691 
c 162 163 0.588103 
c 162 164 1.25993 
c 162 170 1.08144 
c 163 164 1.14805 
c 163 179 2.58647 
c 164 170 0.588103 
c 164 171 1.25993 
c 164 179 1.99594 
c 164 188 1.29989 
c 164 189 1.14805 
c 164 196 2.58647 
c 164 226 4.16112 
c 165 166 0.588102 
c 165 167 0.650318 
c 165 168 0.940283 
c 166 168 0.827698 
c 167 168 0.588102 
c 167 169 0.588103 
c 167 172 0.940283 
c 167 190 0.798231 
c 167 194 0.650318 
c 168 169 1.17054 
c 168 172 0.827698 
c 169 172 1.31944 
c 169 190 0.447947 
c 170 171 1.08144 
c 171 173 0.588103 
c 171 179 1.17054 
c 171 189 0.588103 
c 171 193 1.08144 
c 171 196 1.50508 
c 171 208 1.25993 
c 172 178 1.74171 
c 172 183 1.17054 
c 172 184 1.74171 
c 172 190 1.17054 
c 172 194 0.588102 
c 172 197 0.588103 
c 172 201 0.827698 
c 173 179 0.588103 
c 173 193 1.18254 
c 173 195 0.97327 
c 173 196 1.07305 
c 174 183 1.08144 
c 175 176 0.588103 
c 175 177 0.798231 
c 175 179 0.940283 
c 175 180 0.650318 
c 176 177 0.447947 
c 176 179 1.31944 
c 177 179 1.17054 
c 177 180 0.588103 
c 177 185 0.588103 
c 177 196 1.31944 
c 177 204 0.447947 
c 177 206 0.669447 
c 178 190 0.588103 
c 178 191 0.228361 
c 178 198 0.447947 
c 178 201 1.79515 
c 179 180 0.588102 
c 179 185 1.74171 
c 179 189 1.74171 
c 179 196 0.827698 
c 180 181 0.650318 
c 180 196 0.940283 
c 180 204 0.798231 
c 181 196 0.588102 
c 181 204 0.588103 
c 181 225 0.650318 
c 182 197 0.97327 
c 182 201 0.588103 
c 182 205 0.588103 
c 182 224 0.97327 
c 183 184 0.588103 
c 183 186 1.25993 
c 183 197 0.588103 
c 183 201 1.50508 
c 183 205 1.08144 
c 184 186 1.14805 
c 184 187 1.29989 
c 184 188 0.588103 
c 184 189 1.17054 
c 184 199 2.53803 
c 184 201 1.99594 
c 184 207 2.25198 
c 184 208 1.63957 
c 184 216 3.26937 
c 184 226 3.4726 
c 185 196 1.79515 
c 185 206 0.228361 
c 185 213 0.447947 
c 186 187 0.588103 
c 186 199 1.63957 
c 186 201 1.74171 
c 186 205 0.588103 
c 186 207 1.14805 
c 186 208 1.17054 
c 187 188 1.17054 
c 187 189 1.29989 
c 187 199 1.29989 
c 187 207 1.29989 
c 187 208 0.588103 
c 187 217 1.17054 
c 188 189 0.588103 
c 189 196 1.99594 
c 189 199 2.25198 
c 189 208 1.14805 
c 189 226 3.26937 
c 190 191 0.669447 
c 190 192 0.447947 
c 190 194 0.588103 
c 190 201 1.31944 
c 191 192 0.588103 
c 191 198 0.228361 
c 191 201 1.74171 
c 192 194 0.798231 
c 192 198 0.669447 
c 192 200 0.588103 
c 192 201 1.17054 
c 192 202 1.31944 
c 192 219 0.447947 
c 192 221 0.798231 
c 193 195 0.588103 
c 193 196 1.17054 
c 193 199 1.25993 
c 193 208 0.588103 
c 193 220 1.08144 
c 193 223 1.18254 
c 194 200 0.650318 
c 194 201 0.940283 
c 195 196 0.588103 
c 195 223 0.97327 
c 196 199 1.99594 
c 196 203 0.827698 
c 196 204 1.17054 
c 196 206 1.74171 
c 196 208 1.74171 
c 196 213 1.79515 
c 196 215 1.93929 
c 196 223 1.07305 
c 196 225 0.940282 
c 196 226 2.58647 
c 196 229 2.93756 
c 196 234 1.62359 
c 197 201 1.07305 
c 197 205 1.18254 
c 198 201 1.79515 
c 198 202 1.74171 
c 198 219 0.588103 
c 198 239 0.228361 
c 198 241 0.669447 
c 199 203 1.74171 
c 199 207 1.17054 
c 199 208 1.14805 
c 199 216 1.63957 
c 199 217 0.588103 
c 199 220 0.588103 
c 199 223 1.17054 
c 199 226 1.14805 
c 199 228 1.25993 
c 200 201 0.588102 
c 200 221 0.650318 
c 201 202 0.827698 
c 201 205 1.17054 
c 201 207 1.99594 
c 201 216 2.58647 
c 201 221 0.940282 
c 201 222 1.62359 
c 201 224 1.07305 
c 201 239 1.93929 
c 202 207 1.74171 
c 202 216 1.99594 
c 202 219 1.17054 
c 202 221 0.588102 
c 202 222 0.827698 
c 202 224 0.588103 
c 202 230 0.940282 
c 202 236 1.07305 
c 202 239 1.79515 
c 202 241 1.31944 
c 203 204 1.31944 
c 203 209 0.940282 
c 203 210 1.17054 
c 203 213 1.74171 
c 203 214 1.31944 
c 203 215 1.79515 
c 203 223 0.588103 
c 203 225 0.588102 
c 203 226 1.99594 
c 203 231 1.07305 
c 203 234 0.827698 
c 204 206 0.588103 
c 204 210 0.447947 
c 204 213 0.669447 
c 204 225 0.798231 
c 205 207 1.25993 
c 205 211 1.08144 
c 205 224 1.18254 
c 206 213 0.228361 
c 207 211 0.588103 
c 207 212 1.25993 
c 207 216 1.14805 
c 207 217 0.588103 
c 207 224 1.17054 
c 209 210 0.798231 
c 209 214 0.588103 
c 209 225 0.650318 
c 209 234 0.588102 
c 209 237 0.650318 
c 210 213 0.588103 
c 210 214 0.447947 
c 210 225 0.588103 
c 211 212 1.08144 
c 211 224 0.588103 
c 212 216 0.588103 
c 212 224 1.18254 
c 212 236 0.588103 
c 213 214 0.669447 
c 213 215 0.228361 
c 214 215 0.588103 
c 214 234 1.17054 
c 214 237 0.798231 
c 215 234 1.74171 
c 215 235 1.79515 
c 216 217 1.29989 
c 216 218 0.588103 
c 216 222 1.74171 
c 216 224 1.57719 
c 216 226 1.17054 
c 216 229 2.06763 
c 216 236 1.17054 
c 216 238 1.14805 
c 216 240 1.29989 
c 217 218 1.17054 
c 217 226 1.29989 
c 218 226 0.588103 
c 218 240 1.17054 
c 219 221 0.588103 
c 219 230 0.798231 
c 219 241 0.447947 
c 220 223 0.588103 
c 220 228 1.08144 
c 221 230 0.650318 
c 222 230 0.588102 
c 222 232 0.940282 
c 222 233 0.827697 
c 222 236 0.588103 
c 222 239 1.74171 
c 222 241 1.17054 
c 223 226 1.57719 
c 223 228 1.18254 
c 223 231 0.97327 
c 224 236 0.97327 
c 226 227 1.14805 
c 226 228 0.588103 
c 226 229 1.25993 
c 226 231 1.17054 
c 226 234 1.74171 
c 226 240 1.29989 
c 227 229 0.588103 
c 227 240 0.588103 
c 228 229 1.08144 
c 228 231 0.588103 
c 229 231 1.18254 
c 229 234 1.50508 
c 229 235 1.17054 
c 229 240 1.17054 
c 230 232 0.650318 
c 230 241 0.588103 
c 231 234 0.588103 
c 231 235 1.07305 
c 232 233 0.588103 
c 232 241 0.798231 
c 234 235 0.827698 
c 234 237 0.940282 
c 235 237 0.588102 
c 238 240 0.588103 
c 239 241 0.588103 
c 239 242 0.228361 
v 159 156 196 150 0.00273084 
v 145 127 123 146 0.00912932 
v 150 128 196 179 0.0258646 
v 74 201 73 222 0.028187 
v 14 2 3 235 0.00494074 
v 159 150 196 179 0.0238957 
v 217 216 207 199 0.0126628 
v 152 162 136 163 0.0716097 
v 67 66 79 60 0.0984005 
v 198 178 158 110 0.000546 
v 196 185 213 156 0.00777676 
v 113 105 107 115 0.00717286 
v 168 142 147 149 0.137652 
v 136 164 196 179 0.396768 
v 226 228 229 231 0.011928 
v 215 2 214 234 0.0146323 
v 155 164 160 157 0.0126627 
v 46 156 196 215 0.108116 
v 39 62 36 31 0.0107349 
v 17 33 56 32 0.00494074 
v 5 215 37 235 0.00777676 
v 78 156 128 46 0.00507197 
v 206 196 213 204 0.00745951 
v 61 59 57 229 0.213518 
v 154 156 176 152 0.0146324 
v 150 78 159 156 0.00019173 
v 80 100 67 96 0.0984005 
v 141 152 151 162 0.0107349 
v 215 234 196 46 0.212077 
v 39 65 36 62 0.011928 
v 196 173 193 195 0.0107349 
v 152 175 176 154 0.00494076 
v 185 206 213 78 0.00019173 
v 157 153 168 172 0.027037 
v 124 146 121 127 0.00717286 
v 78 215 46 40 0.00150989 
v 148 127 145 146 0.00717287 
v 196 185 177 206 0.00745951 
v 153 157 174 183 0.011928 
v 177 196 204 180 0.00494076 
v 196 208 193 171 0.0353256 
v 196 206 213 185 0.00273084 
v 153 172 157 183 0.0444549 
v 199 223 193 220 0.011928 
v 78 150 128 156 0.000546 
v 164 162 152 163 0.0375015 
v 22 235 229 9 0.0107349 
v 103 91 102 92 0.011928 
v 3 235 32 14 0.0114966 
v 203 234 226 196 0.0671178 
v 22 26 229 235 0.0679021 
v 32 235 37 40 0.0133204 
v 47 42 72 66 0.0129108 
v 60 59 61 229 0.251071 
v 17 58 56 33 0.00717285 
v 82 85 79 60 0.0107349 
v 78 156 213 185 0.000546 
v 199 184 189 226 0.280221 
v 196 156 213 215 0.0143696 
v 56 46 57 235 0.188774 
v 179 156 177 185 0.00745951 
v 112 136 102 122 0.0909102 
v 61 229 57 235 0.334905 
v 208 186 199 187 0.0126628 
v 196 195 193 223 0.0107349 
v 180 179 177 196 0.00912932 
v 136 149 112 98 0.0984005 
v 112 129 109 120 0.0129108 
v 70 78 128 46 0.00100888 
v 235 237 14 2 0.00717285 
v 67 71 79 66 0.0126627 
v 179 176 177 156 0.0146324 
v 174 153 147 157 0.011928 
v 179 185 196 156 0.00989794 
v 5 235 37 3 0.00951758 
v 201 216 157 184 0.67946 
v 241 222 232 6 0.00494074 
v 231 223 226 228 0.0107349 
v 186 184 187 208 0.0126627 
v 163 164 160 155 0.0126627 
v 202 201 192 221 0.00912933 
v 21 222 7 6 0.0186694 
v 226 216 240 218 0.0129109 
v 144 166 147 168 0.00912929 
v 184 172 157 201 0.093095 
v 226 218 217 216 0.0129109 
v 171 173 193 196 0.011928 
v 203 231 226 234 0.0270371 
v 11 4 12 30 0.0653367 
v 199 228 226 223 0.0126627 
v 3 2 5 235 0.0146323 
v 235 2 5 215 0.017082 
v 3 235 37 32 0.0186694 
v 203 196 226 199 0.093095 
v 205 186 201 183 0.0353256 
v 149 117 98 114 0.07707 
v 202 230 219 241 0.00494076 
v 202 230 221 219 0.00717286 
v 168 166 147 142 0.0425271 
v 202 230 241 222 0.00912933 
v 15 235 56 26 0.0565684 
v 53 28 25 27 0.0091293 
v 21 27 24 28 0.00494074 
v 35 39 48 42 0.0126627 
v 224 201 182 205 0.0107349 
v 172 178 158 201 0.00989794 
v 190 172 169 167 0.00494075 
v 202 222 201 216 0.0671178 
v 144 142 147 166 0.00912929 
v 172 183 201 184 0.027037 
v 186 184 201 183 0.0375015 
v 224 216 236 202 0.0317922 
v 202 216 236 222 0.0270371 
v 111 105 132 115 0.0146324 
v 70 121 108 93 0.028187 
v 175 148 154 152 0.00717287 
v 65 89 67 88 0.011928 
v 181 180 204 196 0.00717287 
v 188 157 160 164 0.0129109 
v 184 183 157 172 0.0375015 
v 155 135 160 163 0.0129109 
v 239 201 198 202 0.00989794 
v 121 146 123 127 0.00912932 
v 29 73 44 53 0.0074595 
v 121 127 119 124 0.00494075 
v 136 140 122 133 0.011928 
v 121 124 119 118 0.00494075 
v 86 69 61 45 0.00717285 
v 157 201 149 216 2.21638 
v 53 222 44 29 0.0706512 
v 172 201 161 131 0.0238957 
v 147 142 126 149 0.0353256 
v 157 172 149 201 0.396768 
v 155 172 149 157 0.129127 
v 239 43 44 222 0.0143696 
v 100 96 95 67 0.0126627 
v 165 167 137 168 0.00717287 
v 74 110 73 111 0.00100888 
v 241 230 232 222 0.00717286 
v 101 110 74 111 0.000546001 
v 144 142 143 126 0.0107349 
v 115 138 113 134 0.00717286 
v 111 201 74 101 0.00777677 
v 74 111 73 201 0.0143696 
v 199 196 193 223 0.0444549 
v 115 105 132 113 0.00494075 
v 115 134 132 111 0.0146324 
v 65 89 62 66 0.0107349 
v 96 100 95 98 0.0126627 
v 116 114 95 98 0.011928 
v 12 4 16 30 0.0107349 
v 233 232 11 23 0.00912929 
v 53 73 44 222 0.0779473 
v 106 104 83 64 0.00717286 
v 201 222 114 216 1.86581 
v 136 149 129 112 0.0126628 
v 201 216 114 149 3.71295 
v 149 172 114 201 0.640037 
v 117 172 114 149 0.501765 
v 84 94 64 96 0.0198642 
v 221 219 192 202 0.00494076 
v 142 117 143 126 0.0107349 
v 155 135 136 149 0.0126628 
v 43 222 21 28 0.0261289 
v 108 93 99 70 0.00273084 
v 98 100 77 80 0.0126627 
v 242 110 239 7 0.00019173 
v 103 80 79 85 0.0126627 
v 43 222 7 21 0.0133204 
v 201 194 190 192 0.00494076 
v 198 110 191 178 0.00019173 
v 168 167 169 172 0.00912932 
v 239 202 198 241 0.00745951 
v 67 96 95 88 0.011928 
v 234 237 235 2 0.00912932 
v 19 41 229 26 0.0729728 
v 22 19 229 26 0.0618633 
v 48 51 26 41 0.0126627 
v 11 238 240 216 0.0375016 
v 53 54 25 29 0.00717285 
v 226 231 229 234 0.0353256 
v 35 30 36 34 0.011928 
v 184 157 189 226 0.517781 
v 226 164 189 196 0.67946 
v 50 26 56 59 0.0274659 
v 171 179 189 164 0.0375015 
v 41 51 26 20 0.011928 
v 199 208 189 184 0.0984005 
v 199 196 189 208 0.129127 
v 18 35 41 38 0.0129108 
v 35 42 41 38 0.0129108 
v 35 48 41 42 0.0126627 
v 4 35 41 18 0.0126627 
v 18 19 41 4 0.0126627 
v 59 48 72 52 0.0126627 
v 45 33 56 58 0.00717285 
v 121 179 92 196 0.156432 
v 235 215 37 40 0.0143696 
v 234 2 235 215 0.0270371 
v 226 157 189 164 0.517781 
v 26 235 10 15 0.0198642 
v 151 164 171 170 0.011928 
v 149 135 136 130 0.0129109 
v 17 14 32 235 0.0166904 
v 5 78 37 215 0.000546 
v 60 52 79 82 0.011928 
v 235 229 57 56 0.223776 
v 118 124 97 121 0.00717286 
v 96 98 95 114 0.0107349 
v 118 121 97 93 0.00912932 
v 15 14 17 235 0.0128085 
v 48 51 50 26 0.0107349 
v 48 59 50 51 0.0107349 
v 26 59 50 48 0.0653368 
v 56 33 57 46 0.027037 
v 33 45 57 68 0.00494074 
v 61 235 57 46 0.282521 
v 128 121 108 196 0.101843 
v 59 48 52 51 0.011928 
v 66 89 67 65 0.0126627 
v 155 163 136 135 0.0126628 
v 145 148 154 127 0.00494076 
v 145 152 141 162 0.00912929 
v 89 96 67 88 0.0107349 
v 98 100 80 96 0.0984005 
v 133 122 102 92 0.0107349 
v 102 112 109 98 0.0126627 
v 71 80 77 100 0.0129108 
v 99 108 76 93 0.0074595 
v 78 156 46 215 0.00759073 
v 133 112 102 122 0.0126627 
v 60 85 79 67 0.0834199 
v 70 235 46 234 0.0238957 
v 235 215 46 234 0.0779472 
v 40 215 46 235 0.0215056 
v 170 162 151 164 0.011928 
v 32 15 56 17 0.0091293 
v 164 163 136 155 0.0984005 
v 112 98 102 136 0.0984005 
v 152 164 151 162 0.0353256 
v 112 136 122 133 0.0126627 
v 56 229 57 59 0.145698 
v 90 118 97 93 0.00717286 
v 70 121 93 234 0.471295 
v 121 234 92 93 0.260957 
v 203 225 209 210 0.00717286 
v 215 156 213 78 0.00100888 
v 179 180 177 175 0.00717287 
v 203 214 209 234 0.00912933 
v 70 235 61 46 0.0779472 
v 92 136 102 98 0.18182 
v 92 122 102 136 0.07707 
v 85 82 79 103 0.011928 
v 96 98 85 80 0.280221 
v 92 91 102 133 0.011928 
v 114 98 85 96 0.23756 
v 22 19 8 229 0.011928 
v 187 188 189 184 0.0129108 
v 157 155 136 149 0.0984005 
v 157 164 136 155 0.0984005 
v 149 216 136 157 1.68899 
v 234 2 214 237 0.00494074 
v 140 141 123 139 0.0107349 
v 139 122 123 140 0.0107349 
v 122 121 123 152 0.0565684 
v 121 122 92 179 0.183945 
v 121 127 123 150 0.0270371 
v 162 141 123 140 0.011928 
v 162 145 123 141 0.00912929 
v 122 136 123 140 0.0317922 
v 121 150 123 152 0.102164 
v 122 152 123 136 0.174793 
v 162 140 123 136 0.0353256 
v 162 152 123 145 0.0425271 
v 136 152 123 162 0.137652 
v 152 148 154 145 0.00912932 
v 154 152 159 156 0.00745951 
v 154 145 159 152 0.0270371 
v 154 127 159 145 0.0146324 
v 123 150 159 152 0.00989794 
v 123 152 159 145 0.0358752 
v 123 127 159 150 0.00745951 
v 145 127 159 123 0.0270371 
v 119 118 128 121 0.0146324 
v 70 78 99 108 0.00019173 
v 157 184 189 188 0.0126627 
v 119 121 128 127 0.0146324 
v 150 127 128 121 0.00745951 
v 128 150 196 156 0.00777676 
v 179 156 196 159 0.018289 
v 226 216 217 199 0.0126628 
v 206 196 204 177 0.0146324 
v 151 152 179 164 0.027037 
v 175 176 177 179 0.00494075 
v 176 152 179 175 0.00912932 
v 176 156 179 152 0.0270371 
v 159 152 179 156 0.00989794 
v 163 152 179 136 0.172017 
v 163 164 179 152 0.093095 
v 136 164 179 163 0.129127 
v 32 235 56 15 0.080921 
v 136 152 179 122 0.309786 
v 159 150 179 152 0.018289 
v 196 179 177 185 0.0270371 
v 122 152 179 121 0.104525 
v 150 121 179 152 0.188774 
v 128 121 179 150 0.0520827 
v 128 156 196 46 0.0722408 
v 179 128 196 121 0.282521 
v 85 80 102 103 0.0126627 
v 198 178 191 201 0.00273084 
v 179 164 171 151 0.0444549 
v 128 46 196 70 0.0143696 
v 234 70 196 46 0.028187 
v 234 121 196 70 0.768675 
v 85 103 102 92 0.0107349 
v 203 210 209 214 0.00494076 
v 234 214 209 237 0.00717285 
v 204 196 225 181 0.00717287 
v 204 196 203 225 0.00912933 
v 225 210 203 204 0.00494076 
v 15 235 10 14 0.0163021 
v 213 210 203 214 0.0146324 
v 204 210 203 213 0.0146324 
v 213 196 203 204 0.0270371 
v 215 196 203 213 0.00989794 
v 215 234 203 196 0.0358752 
v 215 213 203 214 0.00745951 
v 214 234 203 215 0.0270371 
v 212 216 236 224 0.0107349 
v 208 184 199 186 0.0984005 
v 228 223 199 220 0.011928 
v 171 208 189 196 0.0375015 
v 208 196 193 199 0.0375015 
v 196 179 171 173 0.0091293 
v 215 2 5 1 0.000567821 
v 203 196 199 223 0.0270371 
v 196 164 189 179 0.093095 
v 196 199 189 226 0.367721 
v 187 184 189 208 0.0126627 
v 151 173 171 179 0.0107349 
v 188 164 189 157 0.0126627 
v 196 179 189 171 0.027037 
v 203 223 226 231 0.0317922 
v 199 223 226 203 0.0375015 
v 4 11 16 13 0.011928 
v 35 39 36 30 0.0126627 
v 215 78 37 40 0.00100888 
v 184 216 226 199 0.280221 
v 235 234 229 231 0.0091293 
v 136 164 226 196 2.21638 
v 12 11 16 4 0.0107349 
v 157 216 226 184 0.517781 
v 157 164 226 136 1.68899 
v 136 216 226 157 1.68899 
v 98 77 102 80 0.0126627 
v 199 187 207 217 0.0129108 
v 199 186 207 187 0.0126628 
v 212 224 207 216 0.0126627 
v 211 224 207 212 0.011928 
v 199 216 207 184 0.280221 
v 199 184 207 186 0.0984005 
v 202 216 207 224 0.0375015 
v 224 211 207 205 0.011928 
v 201 184 207 216 0.367721 
v 186 184 207 201 0.129127 
v 201 216 207 202 0.093095 
v 202 224 207 201 0.0270371 
v 201 205 207 186 0.0375015 
v 224 205 207 201 0.0444549 
v 172 153 197 183 0.0107349 
v 7 6 239 242 0.000567821 
v 7 222 239 6 0.0191401 
v 201 172 190 194 0.00912932 
v 149 155 147 168 0.0716097 
v 219 241 198 202 0.0146324 
v 201 178 190 172 0.0270371 
v 167 168 169 137 0.00494076 
v 7 110 239 43 0.000546 
v 241 222 239 202 0.0270371 
v 201 202 239 222 0.0358752 
v 6 222 239 241 0.0146323 
v 7 43 239 222 0.00777676 
v 73 201 239 222 0.212077 
v 191 201 192 198 0.00745951 
v 202 219 192 198 0.0146324 
v 198 201 192 202 0.0270371 
v 194 201 200 192 0.00717287 
v 192 201 200 221 0.00717287 
v 191 201 190 192 0.0146324 
v 191 178 190 201 0.00745951 
v 201 172 197 183 0.0091293 
v 201 205 197 182 0.0107349 
v 201 183 197 205 0.011928 
v 157 172 168 155 0.093095 
v 190 172 167 194 0.00717287 
v 168 166 161 137 0.0270371 
v 120 117 125 98 0.0126627 
v 155 157 147 168 0.0375015 
v 134 138 166 142 0.00912932 
v 165 138 166 134 0.00717287 
v 178 172 158 190 0.00745951 
v 155 172 168 149 0.172017 
v 149 117 125 120 0.0126627 
v 149 172 168 117 0.309786 
v 117 142 168 149 0.174793 
v 113 134 132 115 0.00494075 
v 168 153 147 144 0.0107349 
v 168 157 147 153 0.0353256 
v 136 130 129 149 0.0129108 
v 149 117 120 98 0.0909102 
v 112 149 120 98 0.0984005 
v 129 149 120 112 0.0126628 
v 98 117 125 114 0.0107349 
v 98 114 125 116 0.011928 
v 144 142 126 147 0.011928 
v 142 117 126 149 0.0317922 
v 149 117 126 125 0.011928 
v 142 138 115 134 0.00912932 
v 168 117 115 142 0.0565684 
v 117 172 115 114 0.183945 
v 168 172 115 117 0.104525 
v 101 111 115 105 0.0074595 
v 114 172 115 201 0.156432 
v 201 101 115 74 0.212077 
v 201 111 115 101 0.101843 
v 201 172 115 111 0.282521 
v 114 201 115 222 0.425618 
v 74 222 115 201 0.768675 
v 30 23 12 11 0.0274659 
v 94 106 84 104 0.00912931 
v 166 165 137 168 0.00912932 
v 166 134 137 165 0.00494076 
v 168 172 161 131 0.018289 
v 62 30 53 31 0.0274659 
v 101 110 81 74 0.00019173 
v 172 201 158 161 0.018289 
v 169 190 158 172 0.0146324 
v 198 110 158 239 0.00100888 
v 169 172 158 168 0.0270371 
v 169 168 158 137 0.0146324 
v 161 137 158 168 0.00745951 
v 115 168 131 172 0.188774 
v 115 172 131 111 0.0520827 
v 172 201 131 111 0.0258646 
v 168 172 158 161 0.00989794 
v 115 142 131 168 0.102164 
v 115 134 131 142 0.0270371 
v 111 134 131 115 0.00745951 
v 137 166 161 134 0.0146324 
v 168 142 161 166 0.0358752 
v 131 142 161 168 0.00989794 
v 131 134 161 142 0.00745951 
v 166 142 161 134 0.0270371 
v 131 110 158 161 0.00019173 
v 131 111 158 110 0.000546 
v 73 110 158 111 0.00507197 
v 239 110 158 73 0.00759073 
v 198 201 158 178 0.00777676 
v 239 201 158 198 0.0143696 
v 131 201 158 111 0.00777676 
v 161 201 158 131 0.00273084 
v 73 201 158 239 0.108116 
v 73 111 158 201 0.0722408 
v 107 105 94 115 0.00912932 
v 49 73 29 63 0.0146324 
v 71 100 67 80 0.0126627 
v 66 89 62 39 0.07707 
v 107 106 94 105 0.00717286 
v 106 104 94 105 0.00494075 
v 105 101 94 115 0.027037 
v 105 104 94 101 0.0146323 
v 81 101 94 104 0.0074595 
v 115 222 94 114 0.260957 
v 81 74 94 101 0.00273084 
v 115 101 94 74 0.028187 
v 115 74 94 222 0.471295 
v 64 75 83 55 0.00717285 
v 64 104 83 75 0.00494075 
v 39 65 62 66 0.0126627 
v 54 55 29 53 0.00717285 
v 53 63 29 73 0.027037 
v 39 62 31 30 0.0653368 
v 85 80 67 96 0.280221 
v 45 69 61 68 0.00494074 
v 60 229 61 85 0.324749 
v 235 85 61 229 0.492493 
v 93 121 108 118 0.027037 
v 49 55 64 63 0.0091293 
v 49 75 64 55 0.00494074 
v 106 104 64 84 0.00912932 
v 34 30 16 35 0.011928 
v 49 73 64 75 0.0146324 
v 63 73 64 49 0.0270371 
v 104 75 64 74 0.0146323 
v 74 75 64 73 0.0074595 
v 114 96 64 94 0.0233578 
v 114 222 64 96 0.283495 
v 94 222 64 114 0.482186 
v 104 94 64 84 0.0284157 
v 94 74 64 222 0.870839 
v 73 222 64 74 0.101843 
v 81 74 64 94 0.00989795 
v 81 104 64 74 0.0074595 
v 94 104 64 81 0.0615336 
v 239 73 44 110 0.00150989 
v 35 30 16 4 0.0126627 
v 64 73 53 222 0.615776 
v 63 73 53 64 0.0358752 
v 239 110 44 43 0.00100888 
v 55 63 29 53 0.0091293 
v 55 49 29 63 0.00494074 
v 239 222 44 73 0.0215056 
v 29 222 44 28 0.0358752 
v 43 28 44 222 0.018289 
v 11 4 240 238 0.0375014 
v 25 28 24 27 0.00717284 
v 17 235 32 15 0.0168687 
v 29 28 25 53 0.00494074 
v 31 30 36 39 0.0107349 
v 41 48 229 26 0.231206 
v 240 227 229 226 0.0126628 
v 240 19 229 227 0.0126627 
v 215 1 5 78 0.00019173 
v 222 6 24 232 0.0166904 
v 222 21 24 6 0.0114965 
v 233 222 11 232 0.00912931 
v 24 232 11 222 0.0212428 
v 23 232 11 24 0.00717284 
v 236 216 11 222 0.0317922 
v 27 30 11 23 0.0233578 
v 27 23 11 24 0.0282985 
v 4 238 11 13 0.0126627 
v 9 235 229 231 0.010735 
v 216 13 11 238 0.0126628 
v 212 216 11 236 0.0107349 
v 212 13 11 216 0.0119281 
v 30 35 11 4 0.0770699 
v 53 30 11 27 0.0665174 
v 24 222 11 21 0.024979 
v 24 21 11 27 0.052016 
v 35 30 11 39 0.219476 
v 64 222 11 96 0.523831 
v 53 222 11 64 0.340957 
v 27 28 11 53 0.12219 
v 21 28 11 27 0.0327155 
v 21 222 11 28 0.0416933 
v 20 41 8 26 0.011928 
v 39 30 11 62 0.464526 
v 22 26 8 19 0.0107349 
v 114 216 11 96 0.792996 
v 114 222 11 216 1.18736 
v 96 222 11 114 0.333355 
v 53 64 11 63 0.0198642 
v 62 63 11 64 0.183945 
v 29 28 11 222 0.0713606 
v 53 28 11 29 0.0661288 
v 29 222 11 53 0.105169 
v 26 22 10 235 0.0233578 
v 33 235 32 40 0.0261289 
v 62 30 11 53 0.195275 
v 53 63 11 62 0.122908 
v 26 41 8 19 0.0126627 
v 85 98 102 80 0.0984005 
v 226 234 229 196 0.199772 
v 240 18 229 19 0.0129108 
v 4 18 229 240 0.0382362 
v 4 19 229 18 0.011928 
v 226 216 229 240 0.0501642 
v 19 4 229 41 0.130193 
v 93 87 61 85 0.0198642 
v 48 59 229 26 0.533281 
v 92 98 102 85 0.0834199 
v 120 98 109 112 0.0126627 
v 240 11 229 4 0.180357 
v 216 11 229 240 0.180357 
v 41 35 229 48 0.301464 
v 4 35 229 41 0.130193 
v 11 35 229 4 0.389519 
v 67 80 79 71 0.0126627 
v 35 39 229 48 0.301464 
v 11 39 229 35 0.776001 
v 11 216 229 96 2.15214 
v 96 64 229 11 1.2164 
v 96 89 229 64 0.461037 
v 96 114 229 85 2.56897 
v 96 216 229 114 1.60123 
v 62 39 229 11 1.45508 
v 62 89 229 39 0.524021 
v 64 62 229 11 1.5231 
v 64 89 229 62 0.387359 
v 33 235 56 32 0.0437941 
v 46 69 61 70 0.0074595 
v 68 69 61 46 0.0146324 
v 229 59 56 26 0.210165 
v 56 45 57 33 0.0091293 
v 229 26 56 235 0.164447 
v 46 235 56 40 0.0520827 
v 33 40 56 235 0.0652732 
v 46 40 56 33 0.0074595 
v 61 68 57 45 0.0091293 
v 128 118 108 121 0.0074595 
v 196 121 108 70 0.212077 
v 66 89 60 67 0.280221 
v 67 89 60 96 0.23756 
v 67 96 60 85 0.23756 
v 46 68 57 61 0.0270371 
v 46 33 57 68 0.0146324 
v 67 85 79 80 0.0984005 
v 70 78 108 128 0.000546001 
v 196 70 108 128 0.00777677 
v 229 48 60 59 0.524021 
v 229 85 60 96 2.15548 
v 229 96 60 89 2.15548 
v 66 39 60 89 0.517781 
v 39 48 60 229 1.23625 
v 229 89 60 39 3.52054 
v 234 70 61 93 0.870839 
v 234 235 61 70 0.369131 
v 47 66 72 71 0.0129108 
v 79 71 72 66 0.0126627 
v 60 48 72 59 0.07707 
v 66 42 72 39 0.0126627 
v 48 39 72 42 0.0126627 
v 60 52 72 79 0.0126627 
v 60 59 72 52 0.0107349 
v 66 60 72 79 0.0984005 
v 60 66 72 39 0.18182 
v 60 39 72 48 0.18182 
v 61 70 99 93 0.00989795 
v 118 93 76 108 0.0146323 
v 87 90 76 61 0.00912932 
v 90 87 76 93 0.00912931 
v 93 118 76 90 0.00494075 
v 93 61 76 99 0.0615336 
v 93 87 76 61 0.0284157 
v 86 69 76 61 0.00494075 
v 61 90 76 86 0.00717286 
v 61 70 76 99 0.0074595 
v 61 69 76 70 0.0146323 
v 196 234 92 121 0.425618 
v 61 93 92 234 0.482186 
v 85 93 92 61 0.0233578 
v 98 77 109 102 0.0129108 
v 229 196 92 226 1.86228 
v 229 234 92 196 1.12309 
v 196 179 92 136 0.640037 
v 122 136 92 179 0.501765 
v 61 234 92 235 0.204389 
v 61 235 92 85 0.260138 
v 114 98 92 85 0.23756 
v 226 196 92 136 3.71295 
v 229 235 92 234 0.64781 
v 85 235 92 229 0.704577 
v 229 114 92 85 2.56897 
v 136 98 92 149 0.18182 
v 114 149 92 98 0.517781 
v 229 216 92 114 3.20373 
v 226 216 92 229 1.125 
v 136 216 92 226 2.20677 
v 136 149 92 216 2.20677 
v 114 216 92 149 6.28434 
