x 0 0.19509 -0.980785 
x 0 0.382683 -0.92388 
x 0.146447 0.353553 -0.92388 
x 0.37533 0.906127 0.19509 
x 0.0746578 0.18024 -0.980785 
x 0 0.382683 0.92388 
x 0.0746578 0.18024 0.980785 
x 0.353553 0.853553 -0.382683 
x 0 0.83147 -0.55557 
x 0.270598 0.653281 -0.707107 
x 4.47035e-07 0.831469 0.55557 
x 0.31819 0.768178 0.55557 
x 0 0.92388 0.382683 
x 0.212608 0.51328 -0.83147 
x 0.5 0.5 -0.707107 
x 0.353553 0.853553 0.382683 
x 0.392848 0.392847 -0.83147 
x 0.382683 0.92388 0 
x 0.37533 0.906127 -0.19509 
x 0.653282 0.653281 -0.382683 
x 0.146447 0.353553 0.92388 
x 0.31819 0.768178 -0.55557 
x 0.270598 0.653281 0.707107 
x 0.212608 0.51328 0.83147 
x 0.392848 0.392847 0.83147 
x 0.587938 0.587938 -0.55557 
x 0.5 0.5 0.707107 
x 0.270598 0.270598 0.92388 
x 0.353553 0.146447 0.92388 
x 0.587938 0.587938 0.55557 
x 0.768178 0.31819 0.55557 
x 0.270598 0.270598 -0.92388 
x 0.353553 0.146447 -0.92388 
x 0.653282 0.653281 0.382683 
x 0.69352 0.69352 0.19509 
x 0.853553 0.353553 0.382683 
x 0.13795 0.13795 -0.980785 
x 0.707107 0.707107 0 
x 0.906127 0.37533 0.19509 
x 0.18024 0.0746578 -0.980785 
x 0.69352 0.69352 -0.19509 
x 0.92388 0.382683 0 
x 0.13795 0.13795 0.980785 
x 0.18024 0.0746578 0.980785 
x 0.55557 -7.45058e-08 -0.83147 
x 0.19509 -5.21541e-08 -0.980785 
x 1 -1.49012e-07 0 
x 0.906127 0.37533 -0.19509 
x 0.382683 -4.47035e-08 0.92388 
x 0.768178 0.31819 -0.55557 
x 0.853553 0.353553 -0.382683 
x 0.92388 -1.19209e-07 -0.382683 
x 0.653281 0.270598 0.707107 
x 0.51328 0.212608 0.83147 
x 0.55557 -7.45058e-08 0.83147 
x 0.653281 0.270598 -0.707107 
x 0.707107 -8.9407e-08 -0.707107 
x 0.51328 0.212608 -0.83147 
x 0.83147 -8.9407e-08 -0.55557 
x 0.768178 -0.31819 -0.55557 
x 0.653281 -0.270598 -0.707107 
x 0.83147 -8.9407e-08 0.55557 
x 0.707107 -8.9407e-08 0.707107 
x 0.653281 -0.270598 0.707107 
x 0.92388 -1.19209e-07 0.382683 
x 0.980785 -1.49012e-07 0.19509 
x 0.906127 -0.37533 0.19509 
x 0.382683 -4.47035e-08 -0.92388 
x 0.353553 -0.146447 -0.92388 
x 0.18024 -0.0746579 -0.980785 
x 0.923879 -0.382684 0 
x 0.980785 -1.49012e-07 -0.19509 
x 0.19509 -5.21541e-08 0.980785 
x 0.18024 -0.0746579 0.980785 
x 0.353553 -0.146447 0.92388 
x 0.270598 -0.270598 -0.92388 
x 0.707107 -0.707107 0 
x 0 0 -1 
x 0.906127 -0.37533 -0.19509 
x 0.69352 -0.69352 -0.19509 
x 0.13795 -0.13795 0.980785 
x 0.853553 -0.353554 -0.382683 
x 0.51328 -0.212608 0.83147 
x 0.5 -0.5 0.707107 
x 0.587938 -0.587938 -0.55557 
x 0.51328 -0.212608 -0.83147 
x 0.5 -0.5 -0.707107 
x 0.853553 -0.353554 0.382683 
x 0.768178 -0.31819 0.55557 
x 0.392847 -0.392848 -0.83147 
x 0.353553 -0.853553 -0.382683 
x 0.318189 -0.768178 -0.55557 
x 0.270598 -0.653281 -0.707107 
x 0.270598 -0.653281 0.707107 
x 0.653281 -0.653282 0.382683 
x 0.587938 -0.587938 0.55557 
x 0.212607 -0.51328 -0.83147 
x 0.37533 -0.906127 0.19509 
x 0.13795 -0.13795 -0.980785 
x 0.69352 -0.69352 0.19509 
x 0.0746578 -0.18024 0.980785 
x 0.37533 -0.906127 -0.19509 
x 0.653281 -0.653282 -0.382683 
x 0.270598 -0.270598 0.92388 
x 0.146447 -0.353553 0.92388 
x 0.392847 -0.392848 0.83147 
x 0.212607 -0.51328 0.83147 
x 0.0746578 -0.18024 -0.980785 
x 0.382683 -0.92388 0 
x 0 0 1 
x -6.70552e-08 -0.19509 0.980785 
x -2.68221e-07 -0.980785 -0.19509 
x -1.49012e-07 -0.55557 0.83147 
x 0.318189 -0.768178 0.55557 
x -2.23517e-07 -0.707107 0.707107 
x 0.353553 -0.853553 0.382683 
x -1.78814e-07 -0.831469 0.55557 
x 0.146447 -0.353553 -0.92388 
x -1.19209e-07 -0.382683 -0.92388 
x -2.68221e-07 -0.980785 0.19509 
x -2.23517e-07 -0.707107 -0.707107 
x -1.78814e-07 -0.831469 -0.55557 
x -0.270598 -0.653281 -0.707107 
x -1.49012e-07 -0.55557 -0.83147 
x -2.38419e-07 -0.923879 0.382683 
x -0.353554 -0.853553 0.382683 
x -0.146447 -0.353553 -0.92388 
x -6.70552e-08 -0.19509 -0.980785 
x -3.57628e-07 -1 0 
x -0.382684 -0.923879 0 
x -0.0746579 -0.18024 0.980785 
x -1.19209e-07 -0.382683 0.92388 
x -2.38419e-07 -0.923879 -0.382683 
x -0.146447 -0.353553 0.92388 
x -0.707107 -0.707106 0 
x -0.375331 -0.906127 -0.19509 
x -0.270598 -0.270598 0.92388 
x -0.212608 -0.51328 0.83147 
x -0.31819 -0.768178 -0.55557 
x -0.353554 -0.853553 -0.382683 
x -0.587938 -0.587938 -0.55557 
x -0.270598 -0.653281 0.707107 
x -0.31819 -0.768178 0.55557 
x -0.587938 -0.587938 0.55557 
x -0.5 -0.5 -0.707107 
x -0.212608 -0.51328 -0.83147 
x -0.653282 -0.653281 0.382683 
x -0.392848 -0.392847 -0.83147 
x -0.375331 -0.906127 0.19509 
x -0.0746579 -0.18024 -0.980785 
x -0.768178 -0.318189 -0.55557 
x -0.653281 -0.270598 -0.707107 
x -0.768178 -0.318189 0.55557 
x -0.270598 -0.270598 -0.92388 
x -0.69352 -0.69352 0.19509 
x -0.18024 -0.0746577 -0.980785 
x -0.906127 -0.37533 0.19509 
x -0.18024 -0.0746577 0.980785 
x -0.13795 -0.13795 -0.980785 
x -0.92388 -0.382683 0 
x -0.13795 -0.13795 0.980785 
x -0.653282 -0.653281 -0.382683 
x -0.69352 -0.69352 -0.19509 
x -0.906127 -0.37533 -0.19509 
x -0.392848 -0.392847 0.83147 
x -0.5 -0.5 0.707107 
x -0.51328 -0.212607 0.83147 
x -0.653281 -0.270598 0.707107 
x -0.353553 -0.146446 0.92388 
x -0.853553 -0.353553 -0.382683 
x -0.923879 3.57628e-07 -0.382683 
x -0.707107 3.27826e-07 0.707107 
x -0.831469 3.27826e-07 -0.55557 
x -0.853553 -0.353553 0.382683 
x -0.51328 -0.212607 -0.83147 
x -0.353553 -0.146446 -0.92388 
x -0.382683 1.78814e-07 -0.92388 
x -0.19509 8.19564e-08 0.980785 
x -0.707107 3.27826e-07 -0.707107 
x -0.55557 1.93715e-07 -0.83147 
x -0.51328 0.212608 -0.83147 
x -0.768178 0.31819 0.55557 
x -0.923879 3.57628e-07 0.382683 
x -0.980785 3.8743e-07 0.19509 
x -0.19509 8.19564e-08 -0.980785 
x -0.906127 0.375331 0.19509 
x -0.923879 0.382684 0 
x -1 5.06639e-07 0 
x -0.980785 3.8743e-07 -0.19509 
x -0.382683 1.78814e-07 0.92388 
x -0.18024 0.0746579 0.980785 
x -0.353553 0.146447 0.92388 
x -0.853553 0.353554 -0.382683 
x -0.55557 1.93715e-07 0.83147 
x -0.768178 0.31819 -0.55557 
x -0.653281 0.270598 -0.707107 
x -0.831469 3.27826e-07 0.55557 
x -0.13795 0.13795 0.980785 
x -0.693519 0.69352 -0.19509 
x -0.51328 0.212608 0.83147 
x -0.653281 0.270598 0.707107 
x -0.5 0.5 0.707107 
x -0.5 0.5 -0.707107 
x -0.353553 0.146447 -0.92388 
x -0.853553 0.353554 0.382683 
x -0.18024 0.0746579 -0.980785 
x -0.693519 0.69352 0.19509 
x -0.906127 0.375331 -0.19509 
x -0.212607 0.51328 -0.83147 
x -0.270598 0.270598 -0.92388 
x -0.653281 0.653282 0.382683 
x -0.353553 0.853553 0.382683 
x -0.13795 0.13795 -0.980785 
x -0.146446 0.353554 -0.92388 
x -0.0746577 0.18024 -0.980785 
x -0.37533 0.906127 0.19509 
x -0.707106 0.707107 0 
x -0.382683 0.92388 0 
x -0.270598 0.270598 0.92388 
x -0.653281 0.653282 -0.382683 
x -0.392847 0.392848 0.83147 
x -0.270598 0.653281 0.707107 
x -0.587937 0.587938 -0.55557 
x -0.587937 0.587938 0.55557 
x -0.392847 0.392848 -0.83147 
x -0.37533 0.906127 -0.19509 
x 0 0.980785 -0.19509 
x -0.353553 0.853553 -0.382683 
x 5.06639e-07 0.923879 -0.382683 
x -0.212607 0.51328 0.83147 
x -0.318189 0.768178 -0.55557 
x 2.38419e-07 0.55557 0.83147 
x 0 0.707107 0.707107 
x -0.270598 0.653281 -0.707107 
x 4.47035e-07 0.707107 -0.707107 
x -0.318189 0.768178 0.55557 
x 0 0.55557 -0.83147 
x 0 0.980785 0.19509 
x -0.0746577 0.18024 0.980785 
x 6.25849e-07 1 0 
x -0.146446 0.353554 0.92388 
x 0 0.19509 0.980785 
f 16 13 4 
f 4 13 238 
f 3 2 5 
f 5 2 1 
f 238 240 4 
f 4 240 18 
f 110 242 7 
f 1 78 5 
f 18 240 19 
f 19 240 227 
f 21 7 6 
f 6 7 242 
f 227 229 19 
f 19 229 8 
f 21 6 24 
f 24 6 232 
f 8 229 22 
f 22 229 9 
f 24 232 23 
f 23 232 233 
f 9 235 22 
f 22 235 10 
f 233 11 23 
f 23 11 12 
f 10 235 14 
f 14 235 237 
f 12 11 16 
f 16 11 13 
f 3 14 2 
f 2 14 237 
f 10 14 15 
f 15 14 17 
f 12 16 30 
f 30 16 34 
f 17 14 32 
f 32 14 3 
f 34 16 35 
f 35 16 4 
f 32 3 37 
f 37 3 5 
f 38 35 18 
f 18 35 4 
f 110 7 43 
f 5 78 37 
f 38 18 41 
f 41 18 19 
f 28 43 21 
f 21 43 7 
f 20 41 8 
f 8 41 19 
f 25 28 24 
f 24 28 21 
f 20 8 26 
f 26 8 22 
f 25 24 27 
f 27 24 23 
f 22 10 26 
f 26 10 15 
f 27 23 30 
f 30 23 12 
f 48 41 51 
f 51 41 20 
f 28 25 29 
f 29 25 54 
f 20 26 51 
f 51 26 50 
f 54 25 53 
f 53 25 27 
f 50 26 56 
f 56 26 15 
f 27 30 53 
f 53 30 31 
f 58 56 17 
f 17 56 15 
f 31 30 36 
f 36 30 34 
f 58 17 33 
f 33 17 32 
f 34 35 36 
f 36 35 39 
f 33 32 40 
f 40 32 37 
f 39 35 42 
f 42 35 38 
f 110 43 44 
f 37 78 40 
f 48 42 41 
f 41 42 38 
f 29 44 28 
f 28 44 43 
f 58 33 45 
f 45 33 68 
f 36 39 65 
f 65 39 66 
f 68 33 46 
f 46 33 40 
f 39 42 66 
f 66 42 47 
f 110 44 73 
f 40 78 46 
f 47 42 72 
f 72 42 48 
f 49 73 29 
f 29 73 44 
f 72 48 52 
f 52 48 51 
f 49 29 55 
f 55 29 54 
f 52 51 59 
f 59 51 50 
f 63 55 53 
f 53 55 54 
f 50 56 59 
f 59 56 57 
f 63 53 62 
f 62 53 31 
f 57 56 45 
f 45 56 58 
f 65 62 36 
f 36 62 31 
f 49 55 75 
f 75 55 83 
f 82 52 60 
f 60 52 59 
f 83 55 64 
f 64 55 63 
f 60 59 61 
f 61 59 57 
f 89 64 62 
f 62 64 63 
f 86 61 45 
f 45 61 57 
f 62 65 89 
f 89 65 88 
f 86 45 69 
f 69 45 68 
f 88 65 67 
f 67 65 66 
f 68 46 69 
f 69 46 70 
f 67 66 71 
f 71 66 47 
f 110 73 74 
f 46 78 70 
f 47 72 71 
f 71 72 79 
f 74 73 75 
f 75 73 49 
f 82 79 52 
f 52 79 72 
f 88 67 95 
f 95 67 100 
f 69 70 76 
f 76 70 99 
f 77 100 71 
f 71 100 67 
f 110 74 81 
f 70 78 99 
f 77 71 80 
f 80 71 79 
f 81 74 104 
f 104 74 75 
f 80 79 103 
f 103 79 82 
f 106 104 83 
f 83 104 75 
f 103 82 85 
f 85 82 60 
f 83 64 106 
f 106 64 84 
f 60 61 85 
f 85 61 87 
f 84 64 96 
f 96 64 89 
f 87 61 90 
f 90 61 86 
f 89 88 96 
f 96 88 95 
f 90 86 76 
f 76 86 69 
f 91 103 92 
f 92 103 85 
f 107 106 94 
f 94 106 84 
f 92 85 93 
f 93 85 87 
f 114 94 96 
f 96 94 84 
f 97 93 90 
f 90 93 87 
f 96 95 114 
f 114 95 116 
f 97 90 118 
f 118 90 76 
f 116 95 98 
f 98 95 100 
f 118 76 108 
f 108 76 99 
f 100 77 98 
f 98 77 109 
f 110 81 101 
f 99 78 108 
f 109 77 102 
f 102 77 80 
f 105 101 104 
f 104 101 81 
f 91 102 103 
f 103 102 80 
f 104 106 105 
f 105 106 107 
f 119 118 128 
f 128 118 108 
f 98 109 120 
f 120 109 129 
f 110 101 111 
f 108 78 128 
f 129 109 112 
f 112 109 102 
f 132 111 105 
f 105 111 101 
f 112 102 133 
f 133 102 91 
f 132 105 113 
f 113 105 107 
f 122 133 92 
f 92 133 91 
f 113 107 115 
f 115 107 94 
f 122 92 121 
f 121 92 93 
f 117 115 114 
f 114 115 94 
f 124 121 97 
f 97 121 93 
f 117 114 125 
f 125 114 116 
f 97 118 124 
f 124 118 119 
f 116 98 125 
f 125 98 120 
f 113 115 138 
f 138 115 142 
f 139 122 123 
f 123 122 121 
f 143 142 117 
f 117 142 115 
f 123 121 146 
f 146 121 124 
f 143 117 126 
f 126 117 125 
f 146 124 127 
f 127 124 119 
f 126 125 149 
f 149 125 120 
f 119 128 127 
f 127 128 150 
f 120 129 149 
f 149 129 130 
f 110 111 131 
f 128 78 150 
f 130 129 136 
f 136 129 112 
f 131 111 134 
f 134 111 132 
f 140 136 133 
f 133 136 112 
f 138 134 113 
f 113 134 132 
f 139 140 122 
f 122 140 133 
f 155 149 135 
f 135 149 130 
f 110 131 161 
f 150 78 159 
f 163 135 136 
f 136 135 130 
f 131 134 161 
f 161 134 137 
f 163 136 162 
f 162 136 140 
f 137 134 165 
f 165 134 138 
f 162 140 141 
f 141 140 139 
f 165 138 166 
f 166 138 142 
f 139 123 141 
f 141 123 145 
f 166 142 144 
f 144 142 143 
f 148 145 146 
f 146 145 123 
f 147 144 126 
f 126 144 143 
f 146 127 148 
f 148 127 154 
f 126 149 147 
f 147 149 155 
f 154 127 159 
f 159 127 150 
f 151 141 152 
f 152 141 145 
f 153 168 144 
f 144 168 166 
f 175 152 148 
f 148 152 145 
f 174 153 147 
f 147 153 144 
f 148 154 175 
f 175 154 176 
f 174 147 157 
f 157 147 155 
f 176 154 156 
f 156 154 159 
f 157 155 160 
f 160 155 135 
f 110 161 158 
f 159 78 156 
f 164 160 163 
f 163 160 135 
f 169 158 137 
f 137 158 161 
f 170 164 162 
f 162 164 163 
f 169 137 167 
f 167 137 165 
f 170 162 151 
f 151 162 141 
f 167 165 168 
f 168 165 166 
f 156 78 185 
f 189 188 164 
f 164 188 160 
f 178 158 190 
f 190 158 169 
f 189 164 171 
f 171 164 170 
f 194 190 167 
f 167 190 169 
f 170 151 171 
f 171 151 173 
f 194 167 172 
f 172 167 168 
f 173 151 179 
f 179 151 152 
f 197 172 153 
f 153 172 168 
f 180 179 175 
f 175 179 152 
f 197 153 183 
f 183 153 174 
f 180 175 177 
f 177 175 176 
f 174 157 183 
f 183 157 184 
f 185 177 156 
f 156 177 176 
f 184 157 188 
f 188 157 160 
f 110 158 178 
f 181 196 180 
f 180 196 179 
f 182 197 205 
f 205 197 183 
f 181 180 204 
f 204 180 177 
f 205 183 186 
f 186 183 184 
f 204 177 206 
f 206 177 185 
f 186 184 187 
f 187 184 188 
f 110 178 191 
f 185 78 206 
f 208 187 189 
f 189 187 188 
f 178 190 191 
f 191 190 192 
f 193 208 171 
f 171 208 189 
f 200 192 194 
f 194 192 190 
f 171 173 193 
f 193 173 195 
f 200 194 201 
f 201 194 172 
f 195 173 196 
f 196 173 179 
f 182 201 197 
f 197 201 172 
f 191 192 198 
f 198 192 219 
f 220 199 193 
f 193 199 208 
f 219 192 221 
f 221 192 200 
f 220 193 223 
f 223 193 195 
f 200 201 221 
f 221 201 202 
f 195 196 223 
f 223 196 203 
f 202 201 224 
f 224 201 182 
f 203 196 225 
f 225 196 181 
f 211 224 205 
f 205 224 182 
f 181 204 225 
f 225 204 210 
f 211 205 207 
f 207 205 186 
f 210 204 213 
f 213 204 206 
f 186 187 207 
f 207 187 217 
f 110 191 198 
f 206 78 213 
f 217 187 199 
f 199 187 208 
f 236 224 212 
f 212 224 211 
f 225 210 209 
f 209 210 214 
f 211 207 212 
f 212 207 216 
f 215 214 213 
f 213 214 210 
f 207 217 216 
f 216 217 218 
f 110 198 239 
f 213 78 215 
f 218 217 226 
f 226 217 199 
f 239 198 241 
f 241 198 219 
f 226 199 228 
f 228 199 220 
f 241 219 230 
f 230 219 221 
f 220 223 228 
f 228 223 231 
f 221 202 230 
f 230 202 222 
f 223 203 231 
f 231 203 234 
f 222 202 236 
f 236 202 224 
f 234 203 209 
f 209 203 225 
f 227 226 229 
f 229 226 228 
f 6 241 232 
f 232 241 230 
f 9 229 231 
f 231 229 228 
f 233 232 222 
f 222 232 230 
f 9 231 235 
f 235 231 234 
f 233 222 11 
f 11 222 236 
f 235 234 237 
f 237 234 209 
f 13 11 212 
f 212 11 236 
f 209 214 237 
f 237 214 2 
f 212 216 13 
f 13 216 238 
f 1 2 215 
f 215 2 214 
f 238 216 240 
f 240 216 218 
f 110 239 242 
f 215 78 1 
f 227 240 226 
f 226 240 218 
f 242 239 6 
f 6 239 241 
c 238 13 0.196034 
c 13 16 0.36048 
c 16 4 0.196034 
c 4 238 0.382683 
c 1 2 0.196034 
c 2 3 0.149316 
c 3 5 0.196034 
c 5 1 0.0761205 
c 240 238 0.196034 
c 4 18 0.196034 
c 18 240 0.39018 
c 242 110 0.196034 
c 110 7 0.196034 
c 7 242 0.0761205 
c 78 1 0.196034 
c 5 78 0.196034 
c 227 240 0.196034 
c 18 19 0.196034 
c 19 227 0.382683 
c 6 242 0.196034 
c 7 21 0.196034 
c 21 6 0.149316 
c 229 227 0.196034 
c 19 8 0.196034 
c 8 229 0.360479 
c 232 6 0.196034 
c 21 24 0.196034 
c 24 232 0.216773 
c 9 229 0.196034 
c 8 22 0.196034 
c 22 9 0.324423 
c 233 232 0.196034 
c 24 23 0.196034 
c 23 233 0.275899 
c 235 9 0.196034 
c 22 10 0.196034 
c 10 235 0.275899 
c 11 233 0.196034 
c 23 12 0.196034 
c 12 11 0.324423 
c 237 235 0.196034 
c 10 14 0.196034 
c 14 237 0.216773 
c 13 11 0.196034 
c 12 16 0.196034 
c 2 237 0.196034 
c 14 3 0.196034 
c 10 15 0.275899 
c 15 17 0.196034 
c 17 14 0.216773 
c 12 30 0.324423 
c 30 34 0.196034 
c 34 16 0.36048 
c 17 32 0.196034 
c 32 3 0.149316 
c 34 35 0.196034 
c 35 4 0.382683 
c 32 37 0.196034 
c 37 5 0.0761205 
c 35 38 0.196034 
c 38 18 0.390181 
c 110 43 0.196034 
c 43 7 0.0761205 
c 37 78 0.196034 
c 38 41 0.196034 
c 41 19 0.382683 
c 43 28 0.196034 
c 28 21 0.149316 
c 41 20 0.196034 
c 20 8 0.36048 
c 28 25 0.196034 
c 25 24 0.216773 
c 20 26 0.196034 
c 26 22 0.324423 
c 25 27 0.196034 
c 27 23 0.275899 
c 26 15 0.196034 
c 27 30 0.196034 
c 41 48 0.382683 
c 48 51 0.196034 
c 51 20 0.36048 
c 28 29 0.149316 
c 29 54 0.196034 
c 54 25 0.216773 
c 51 50 0.196034 
c 50 26 0.324423 
c 54 53 0.196034 
c 53 27 0.275899 
c 50 56 0.196034 
c 56 15 0.275899 
c 53 31 0.196034 
c 31 30 0.324423 
c 56 58 0.196034 
c 58 17 0.216773 
c 31 36 0.196034 
c 36 34 0.36048 
c 58 33 0.196034 
c 33 32 0.149316 
c 36 39 0.196034 
c 39 35 0.382683 
c 33 40 0.196034 
c 40 37 0.0761205 
c 39 42 0.196034 
c 42 38 0.390181 
c 110 44 0.196034 
c 44 43 0.0761205 
c 40 78 0.196034 
c 42 48 0.196034 
c 44 29 0.196034 
c 58 45 0.216773 
c 45 68 0.196034 
c 68 33 0.149316 
c 36 65 0.36048 
c 65 66 0.196034 
c 66 39 0.382683 
c 68 46 0.196034 
c 46 40 0.0761205 
c 66 47 0.196034 
c 47 42 0.390181 
c 110 73 0.196034 
c 73 44 0.0761205 
c 46 78 0.196034 
c 47 72 0.196034 
c 72 48 0.382683 
c 73 49 0.196034 
c 49 29 0.149316 
c 72 52 0.196034 
c 52 51 0.36048 
c 49 55 0.196034 
c 55 54 0.216773 
c 52 59 0.196034 
c 59 50 0.324423 
c 55 63 0.196034 
c 63 53 0.275899 
c 59 57 0.196034 
c 57 56 0.275899 
c 63 62 0.196034 
c 62 31 0.324423 
c 57 45 0.196034 
c 62 65 0.196034 
c 49 75 0.149316 
c 75 83 0.196034 
c 83 55 0.216773 
c 52 82 0.36048 
c 82 60 0.196034 
c 60 59 0.324423 
c 83 64 0.196034 
c 64 63 0.275899 
c 60 61 0.196034 
c 61 57 0.275899 
c 64 89 0.196034 
c 89 62 0.324423 
c 61 86 0.196034 
c 86 45 0.216773 
c 89 88 0.196034 
c 88 65 0.36048 
c 86 69 0.196034 
c 69 68 0.149316 
c 88 67 0.196034 
c 67 66 0.382683 
c 69 70 0.196034 
c 70 46 0.0761204 
c 67 71 0.196034 
c 71 47 0.390181 
c 110 74 0.196034 
c 74 73 0.0761204 
c 70 78 0.196034 
c 71 79 0.196034 
c 79 72 0.382683 
c 74 75 0.196034 
c 79 82 0.196034 
c 88 95 0.36048 
c 95 100 0.196034 
c 100 67 0.382683 
c 69 76 0.149316 
c 76 99 0.196034 
c 99 70 0.0761205 
c 100 77 0.196034 
c 77 71 0.390181 
c 110 81 0.196034 
c 81 74 0.0761205 
c 99 78 0.196034 
c 77 80 0.196034 
c 80 79 0.382683 
c 81 104 0.196034 
c 104 75 0.149316 
c 80 103 0.196034 
c 103 82 0.36048 
c 104 106 0.196034 
c 106 83 0.216773 
c 103 85 0.196034 
c 85 60 0.324423 
c 106 84 0.196034 
c 84 64 0.275899 
c 85 87 0.196034 
c 87 61 0.275899 
c 84 96 0.196034 
c 96 89 0.324423 
c 87 90 0.196034 
c 90 86 0.216773 
c 96 95 0.196034 
c 90 76 0.196034 
c 103 91 0.36048 
c 91 92 0.196034 
c 92 85 0.324423 
c 106 107 0.216773 
c 107 94 0.196034 
c 94 84 0.275899 
c 92 93 0.196034 
c 93 87 0.275899 
c 94 114 0.196034 
c 114 96 0.324423 
c 93 97 0.196034 
c 97 90 0.216773 
c 114 116 0.196034 
c 116 95 0.36048 
c 97 118 0.196034 
c 118 76 0.149316 
c 116 98 0.196034 
c 98 100 0.382683 
c 118 108 0.196034 
c 108 99 0.0761205 
c 98 109 0.196034 
c 109 77 0.390181 
c 110 101 0.196034 
c 101 81 0.0761205 
c 108 78 0.196034 
c 109 102 0.196034 
c 102 80 0.382683 
c 101 105 0.196034 
c 105 104 0.149316 
c 102 91 0.196034 
c 105 107 0.196034 
c 118 119 0.149316 
c 119 128 0.196034 
c 128 108 0.0761205 
c 98 120 0.382683 
c 120 129 0.196034 
c 129 109 0.390181 
c 110 111 0.196034 
c 111 101 0.0761205 
c 128 78 0.196034 
c 129 112 0.196034 
c 112 102 0.382683 
c 111 132 0.196034 
c 132 105 0.149316 
c 112 133 0.196034 
c 133 91 0.36048 
c 132 113 0.196034 
c 113 107 0.216773 
c 133 122 0.196034 
c 122 92 0.324423 
c 113 115 0.196034 
c 115 94 0.275899 
c 122 121 0.196034 
c 121 93 0.275899 
c 115 117 0.196034 
c 117 114 0.324423 
c 121 124 0.196034 
c 124 97 0.216773 
c 117 125 0.196034 
c 125 116 0.36048 
c 124 119 0.196034 
c 125 120 0.196034 
c 113 138 0.216773 
c 138 142 0.196034 
c 142 115 0.275899 
c 122 139 0.324423 
c 139 123 0.196034 
c 123 121 0.275899 
c 142 143 0.196034 
c 143 117 0.324423 
c 123 146 0.196034 
c 146 124 0.216773 
c 143 126 0.196034 
c 126 125 0.36048 
c 146 127 0.196034 
c 127 119 0.149316 
c 126 149 0.196034 
c 149 120 0.382683 
c 127 150 0.196034 
c 150 128 0.0761205 
c 149 130 0.196034 
c 130 129 0.390181 
c 110 131 0.196034 
c 131 111 0.0761205 
c 150 78 0.196034 
c 130 136 0.196034 
c 136 112 0.382683 
c 131 134 0.196034 
c 134 132 0.149316 
c 136 140 0.196034 
c 140 133 0.36048 
c 134 138 0.196034 
c 140 139 0.196034 
c 149 155 0.382683 
c 155 135 0.196034 
c 135 130 0.390181 
c 110 161 0.196034 
c 161 131 0.0761205 
c 150 159 0.0761205 
c 159 78 0.196034 
c 135 163 0.196034 
c 163 136 0.382683 
c 161 137 0.196034 
c 137 134 0.149316 
c 163 162 0.196034 
c 162 140 0.36048 
c 137 165 0.196034 
c 165 138 0.216773 
c 162 141 0.196034 
c 141 139 0.324423 
c 165 166 0.196034 
c 166 142 0.275899 
c 141 145 0.196034 
c 145 123 0.275899 
c 166 144 0.196034 
c 144 143 0.324423 
c 145 148 0.196034 
c 148 146 0.216773 
c 144 147 0.196034 
c 147 126 0.36048 
c 148 154 0.196034 
c 154 127 0.149316 
c 147 155 0.196034 
c 154 159 0.196034 
c 141 151 0.324423 
c 151 152 0.196034 
c 152 145 0.275899 
c 166 168 0.275899 
c 168 153 0.196034 
c 153 144 0.324423 
c 152 175 0.196034 
c 175 148 0.216773 
c 153 174 0.196034 
c 174 147 0.36048 
c 175 176 0.196034 
c 176 154 0.149316 
c 174 157 0.196034 
c 157 155 0.382683 
c 176 156 0.196034 
c 156 159 0.0761205 
c 157 160 0.196034 
c 160 135 0.390181 
c 110 158 0.196034 
c 158 161 0.0761205 
c 156 78 0.196034 
c 160 164 0.196034 
c 164 163 0.382683 
c 158 169 0.196034 
c 169 137 0.149316 
c 164 170 0.196034 
c 170 162 0.36048 
c 169 167 0.196034 
c 167 165 0.216773 
c 170 151 0.196034 
c 167 168 0.196034 
c 156 185 0.0761204 
c 185 78 0.196034 
c 160 188 0.390181 
c 188 189 0.196034 
c 189 164 0.382683 
c 158 178 0.0761204 
c 178 190 0.196034 
c 190 169 0.149316 
c 189 171 0.196034 
c 171 170 0.36048 
c 190 194 0.196034 
c 194 167 0.216773 
c 171 173 0.196034 
c 173 151 0.324423 
c 194 172 0.196034 
c 172 168 0.275899 
c 173 179 0.196034 
c 179 152 0.275899 
c 172 197 0.196034 
c 197 153 0.324423 
c 179 180 0.196034 
c 180 175 0.216773 
c 197 183 0.196034 
c 183 174 0.36048 
c 180 177 0.196034 
c 177 176 0.149316 
c 183 184 0.196034 
c 184 157 0.382683 
c 177 185 0.196034 
c 184 188 0.196034 
c 110 178 0.196034 
c 179 196 0.275899 
c 196 181 0.196034 
c 181 180 0.216773 
c 197 182 0.324423 
c 182 205 0.196034 
c 205 183 0.36048 
c 181 204 0.196034 
c 204 177 0.149316 
c 205 186 0.196034 
c 186 184 0.382683 
c 204 206 0.196034 
c 206 185 0.0761205 
c 186 187 0.196034 
c 187 188 0.390181 
c 110 191 0.196034 
c 191 178 0.0761205 
c 206 78 0.196034 
c 187 208 0.196034 
c 208 189 0.382683 
c 191 192 0.196034 
c 192 190 0.149316 
c 208 193 0.196034 
c 193 171 0.36048 
c 192 200 0.196034 
c 200 194 0.216773 
c 193 195 0.196034 
c 195 173 0.324423 
c 200 201 0.196034 
c 201 172 0.275899 
c 195 196 0.196034 
c 201 182 0.196034 
c 191 198 0.0761204 
c 198 219 0.196034 
c 219 192 0.149316 
c 208 199 0.382683 
c 199 220 0.196034 
c 220 193 0.36048 
c 219 221 0.196034 
c 221 200 0.216773 
c 220 223 0.196034 
c 223 195 0.324423 
c 221 202 0.196034 
c 202 201 0.275899 
c 223 203 0.196034 
c 203 196 0.275899 
c 202 224 0.196034 
c 224 182 0.324423 
c 203 225 0.196034 
c 225 181 0.216773 
c 224 211 0.196034 
c 211 205 0.36048 
c 225 210 0.196034 
c 210 204 0.149316 
c 211 207 0.196034 
c 207 186 0.382683 
c 210 213 0.196034 
c 213 206 0.0761204 
c 207 217 0.196034 
c 217 187 0.390181 
c 110 198 0.196034 
c 213 78 0.196034 
c 217 199 0.196034 
c 224 236 0.324423 
c 236 212 0.196034 
c 212 211 0.36048 
c 225 209 0.216773 
c 209 214 0.196034 
c 214 210 0.149316 
c 212 216 0.196034 
c 216 207 0.382683 
c 214 215 0.196034 
c 215 213 0.0761205 
c 216 218 0.196034 
c 218 217 0.390181 
c 110 239 0.196034 
c 239 198 0.0761205 
c 215 78 0.196034 
c 218 226 0.196034 
c 226 199 0.382683 
c 239 241 0.196034 
c 241 219 0.149316 
c 226 228 0.196034 
c 228 220 0.36048 
c 241 230 0.196034 
c 230 221 0.216773 
c 228 231 0.196034 
c 231 223 0.324423 
c 230 222 0.196034 
c 222 202 0.275899 
c 231 234 0.196034 
c 234 203 0.275899 
c 222 236 0.196034 
c 234 209 0.196034 
c 226 227 0.382683 
c 229 228 0.36048 
c 241 6 0.149315 
c 232 230 0.216773 
c 9 231 0.324423 
c 233 222 0.275899 
c 235 234 0.275899 
c 11 236 0.324423 
c 237 209 0.216773 
c 13 212 0.360479 
c 2 214 0.149315 
c 238 216 0.382683 
c 1 215 0.0761204 
c 240 218 0.390181 
c 242 239 0.0761204 
v 159 156 196 150 0.000101142 
v 145 127 123 146 0.000338123 
v 150 128 196 179 0.000957947 
v 74 201 73 222 0.00104396 
v 14 2 3 235 0.00018299 
v 159 150 196 179 0.000885028 
v 217 216 207 199 0.000468991 
v 152 162 136 163 0.00265221 
v 67 66 79 60 0.00364446 
v 198 178 158 110 2.02222e-05 
v 196 185 213 156 0.000288028 
v 113 105 107 115 0.000265662 
v 168 142 147 149 0.00509821 
v 136 164 196 179 0.0146951 
v 226 228 229 231 0.000441778 
v 215 2 214 234 0.000541938 
v 155 164 160 157 0.000468991 
v 46 156 196 215 0.00400429 
v 39 62 36 31 0.00039759 
v 17 33 56 32 0.00018299 
v 5 215 37 235 0.000288028 
v 78 156 128 46 0.000187851 
v 206 196 213 204 0.000276278 
v 61 59 57 229 0.00790808 
v 154 156 176 152 0.000541939 
v 150 78 159 156 7.1011e-06 
v 80 100 67 96 0.00364446 
v 141 152 151 162 0.00039759 
v 215 234 196 46 0.0078547 
v 39 65 36 62 0.000441778 
v 196 173 193 195 0.00039759 
v 152 175 176 154 0.000182991 
v 185 206 213 78 7.10111e-06 
v 157 153 168 172 0.00100137 
v 124 146 121 127 0.000265662 
v 78 215 46 40 5.59219e-05 
v 148 127 145 146 0.000265662 
v 196 185 177 206 0.000276278 
v 153 157 174 183 0.000441778 
v 177 196 204 180 0.000182991 
v 196 208 193 171 0.00130836 
v 196 206 213 185 0.000101142 
v 153 172 157 183 0.00164648 
v 199 223 193 220 0.000441778 
v 78 150 128 156 2.02222e-05 
v 164 162 152 163 0.00138894 
v 22 235 229 9 0.000397591 
v 103 91 102 92 0.000441779 
v 3 235 32 14 0.000425798 
v 203 234 226 196 0.00248584 
v 22 26 229 235 0.00251489 
v 32 235 37 40 0.000493348 
v 47 42 72 66 0.000478177 
v 60 59 61 229 0.00929892 
v 17 58 56 33 0.000265661 
v 82 85 79 60 0.00039759 
v 78 156 213 185 2.02222e-05 
v 199 184 189 226 0.0103786 
v 196 156 213 215 0.000532207 
v 56 46 57 235 0.00699164 
v 179 156 177 185 0.000276278 
v 112 136 102 122 0.00336704 
v 61 229 57 235 0.0124039 
v 208 186 199 187 0.000468991 
v 196 195 193 223 0.00039759 
v 180 179 177 196 0.000338123 
v 136 149 112 98 0.00364446 
v 112 129 109 120 0.000478178 
v 70 78 128 46 3.73658e-05 
v 235 237 14 2 0.000265661 
v 67 71 79 66 0.000468989 
v 179 176 177 156 0.000541939 
v 174 153 147 157 0.000441778 
v 179 185 196 156 0.00036659 
v 5 235 37 3 0.000352503 
v 201 216 157 184 0.0251652 
v 241 222 232 6 0.00018299 
v 231 223 226 228 0.00039759 
v 186 184 187 208 0.00046899 
v 163 164 160 155 0.000468991 
v 202 201 192 221 0.000338123 
v 21 222 7 6 0.000691459 
v 226 216 240 218 0.000478181 
v 144 166 147 168 0.000338122 
v 184 172 157 201 0.00344796 
v 226 218 217 216 0.000478181 
v 171 173 193 196 0.000441779 
v 203 231 226 234 0.00100137 
v 11 4 12 30 0.00241988 
v 199 228 226 223 0.000468989 
v 3 2 5 235 0.000541939 
v 235 2 5 215 0.000632667 
v 3 235 37 32 0.000691459 
v 203 196 226 199 0.00344796 
v 205 186 201 183 0.00130836 
v 149 117 98 114 0.00285444 
v 202 230 219 241 0.000182991 
v 202 230 221 219 0.000265662 
v 168 166 147 142 0.00157508 
v 202 230 241 222 0.000338123 
v 15 235 56 26 0.00209513 
v 53 28 25 27 0.000338122 
v 21 27 24 28 0.00018299 
v 35 39 48 42 0.000468989 
v 224 201 182 205 0.00039759 
v 172 178 158 201 0.00036659 
v 190 172 169 167 0.000182991 
v 202 222 201 216 0.00248584 
v 144 142 147 166 0.000338122 
v 172 183 201 184 0.00100137 
v 186 184 201 183 0.00138894 
v 224 216 236 202 0.00117749 
v 202 216 236 222 0.00100137 
v 111 105 132 115 0.000541939 
v 70 121 108 93 0.00104396 
v 175 148 154 152 0.000265662 
v 65 89 67 88 0.000441778 
v 181 180 204 196 0.000265662 
v 188 157 160 164 0.00047818 
v 184 183 157 172 0.00138894 
v 155 135 160 163 0.00047818 
v 239 201 198 202 0.00036659 
v 121 146 123 127 0.000338123 
v 29 73 44 53 0.000276278 
v 121 127 119 124 0.000182991 
v 136 140 122 133 0.000441778 
v 121 124 119 118 0.000182991 
v 86 69 61 45 0.000265661 
v 157 201 149 216 0.0820882 
v 53 222 44 29 0.00261671 
v 172 201 161 131 0.000885028 
v 147 142 126 149 0.00130836 
v 157 172 149 201 0.0146951 
v 155 172 149 157 0.00478246 
v 239 43 44 222 0.000532207 
v 100 96 95 67 0.00046899 
v 165 167 137 168 0.000265662 
v 74 110 73 111 3.73658e-05 
v 241 230 232 222 0.000265661 
v 101 110 74 111 2.02222e-05 
v 144 142 143 126 0.000397589 
v 115 138 113 134 0.000265662 
v 111 201 74 101 0.000288028 
v 74 111 73 201 0.000532207 
v 199 196 193 223 0.00164648 
v 115 105 132 113 0.000182991 
v 115 134 132 111 0.000541939 
v 65 89 62 66 0.00039759 
v 96 100 95 98 0.000468989 
v 116 114 95 98 0.000441779 
v 12 4 16 30 0.00039759 
v 233 232 11 23 0.000338122 
v 53 73 44 222 0.00288694 
v 106 104 83 64 0.000265661 
v 201 222 114 216 0.069104 
v 136 149 129 112 0.000468991 
v 201 216 114 149 0.137517 
v 149 172 114 201 0.0237051 
v 117 172 114 149 0.0185839 
v 84 94 64 96 0.000735711 
v 221 219 192 202 0.000182991 
v 142 117 143 126 0.00039759 
v 155 135 136 149 0.000468991 
v 43 222 21 28 0.000967737 
v 108 93 99 70 0.000101142 
v 98 100 77 80 0.000468989 
v 242 110 239 7 7.10111e-06 
v 103 80 79 85 0.00046899 
v 43 222 7 21 0.000493348 
v 201 194 190 192 0.000182991 
v 198 110 191 178 7.10111e-06 
v 168 167 169 172 0.000338123 
v 239 202 198 241 0.000276278 
v 67 96 95 88 0.000441779 
v 234 237 235 2 0.000338123 
v 19 41 229 26 0.00270269 
v 22 19 229 26 0.00229123 
v 48 51 26 41 0.00046899 
v 11 238 240 216 0.00138895 
v 53 54 25 29 0.000265661 
v 226 231 229 234 0.00130836 
v 35 30 36 34 0.000441779 
v 184 157 189 226 0.0191771 
v 226 164 189 196 0.0251652 
v 50 26 56 59 0.00101726 
v 171 179 189 164 0.00138894 
v 41 51 26 20 0.000441779 
v 199 208 189 184 0.00364446 
v 199 196 189 208 0.00478246 
v 18 35 41 38 0.000478177 
v 35 42 41 38 0.000478177 
v 35 48 41 42 0.000468989 
v 4 35 41 18 0.000468989 
v 18 19 41 4 0.000468989 
v 59 48 72 52 0.000468989 
v 45 33 56 58 0.000265661 
v 121 179 92 196 0.00579379 
v 235 215 37 40 0.000532207 
v 234 2 235 215 0.00100137 
v 226 157 189 164 0.0191771 
v 26 235 10 15 0.00073571 
v 151 164 171 170 0.000441778 
v 149 135 136 130 0.00047818 
v 17 14 32 235 0.000618163 
v 5 78 37 215 2.02222e-05 
v 60 52 79 82 0.000441778 
v 235 229 57 56 0.00828801 
v 118 124 97 121 0.000265662 
v 96 98 95 114 0.00039759 
v 118 121 97 93 0.000338123 
v 15 14 17 235 0.000474388 
v 48 51 50 26 0.00039759 
v 48 59 50 51 0.00039759 
v 26 59 50 48 0.00241988 
v 56 33 57 46 0.00100137 
v 33 45 57 68 0.00018299 
v 61 235 57 46 0.0104637 
v 128 121 108 196 0.00377196 
v 59 48 52 51 0.000441778 
v 66 89 67 65 0.000468989 
v 155 163 136 135 0.000468991 
v 145 148 154 127 0.000182991 
v 145 152 141 162 0.000338122 
v 89 96 67 88 0.00039759 
v 98 100 80 96 0.00364446 
v 133 122 102 92 0.00039759 
v 102 112 109 98 0.00046899 
v 71 80 77 100 0.000478177 
v 99 108 76 93 0.000276278 
v 78 156 46 215 0.000281138 
v 133 112 102 122 0.000468989 
v 60 85 79 67 0.00308963 
v 70 235 46 234 0.000885028 
v 235 215 46 234 0.00288693 
v 40 215 46 235 0.000796504 
v 170 162 151 164 0.000441778 
v 32 15 56 17 0.000338122 
v 164 163 136 155 0.00364446 
v 112 98 102 136 0.00364446 
v 152 164 151 162 0.00130836 
v 112 136 122 133 0.000468989 
v 56 229 57 59 0.0053962 
v 90 118 97 93 0.000265662 
v 70 121 93 234 0.0174554 
v 121 234 92 93 0.00966508 
v 203 225 209 210 0.000265662 
v 215 156 213 78 3.73658e-05 
v 179 180 177 175 0.000265662 
v 203 214 209 234 0.000338123 
v 70 235 61 46 0.00288693 
v 92 136 102 98 0.00673409 
v 92 122 102 136 0.00285444 
v 85 82 79 103 0.000441779 
v 96 98 85 80 0.0103786 
v 92 91 102 133 0.000441779 
v 114 98 85 96 0.00879851 
v 22 19 8 229 0.000441778 
v 187 188 189 184 0.000478179 
v 157 155 136 149 0.00364446 
v 157 164 136 155 0.00364446 
v 149 216 136 157 0.062555 
v 234 2 214 237 0.00018299 
v 140 141 123 139 0.000397589 
v 139 122 123 140 0.00039759 
v 122 121 123 152 0.00209513 
v 121 122 92 179 0.00681278 
v 121 127 123 150 0.00100137 
v 162 141 123 140 0.000441777 
v 162 145 123 141 0.000338122 
v 122 136 123 140 0.00117749 
v 121 150 123 152 0.00378385 
v 122 152 123 136 0.00647383 
v 162 140 123 136 0.00130836 
v 162 152 123 145 0.00157508 
v 136 152 123 162 0.00509821 
v 152 148 154 145 0.000338123 
v 154 152 159 156 0.000276278 
v 154 145 159 152 0.00100137 
v 154 127 159 145 0.000541939 
v 123 150 159 152 0.00036659 
v 123 152 159 145 0.00132871 
v 123 127 159 150 0.000276278 
v 145 127 159 123 0.00100137 
v 119 118 128 121 0.000541939 
v 70 78 99 108 7.10111e-06 
v 157 184 189 188 0.00046899 
v 119 121 128 127 0.000541939 
v 150 127 128 121 0.000276278 
v 128 150 196 156 0.000288028 
v 179 156 196 159 0.000677371 
v 226 216 217 199 0.000468991 
v 206 196 204 177 0.000541939 
v 151 152 179 164 0.00100137 
v 175 176 177 179 0.000182991 
v 176 152 179 175 0.000338123 
v 176 156 179 152 0.00100137 
v 159 152 179 156 0.00036659 
v 163 152 179 136 0.00637101 
v 163 164 179 152 0.00344796 
v 136 164 179 163 0.00478246 
v 32 235 56 15 0.00299707 
v 136 152 179 122 0.0114736 
v 159 150 179 152 0.000677371 
v 196 179 177 185 0.00100137 
v 122 152 179 121 0.00387129 
v 150 121 179 152 0.00699164 
v 128 121 179 150 0.00192899 
v 128 156 196 46 0.00267558 
v 179 128 196 121 0.0104637 
v 85 80 102 103 0.000468989 
v 198 178 191 201 0.000101142 
v 179 164 171 151 0.00164648 
v 128 46 196 70 0.000532207 
v 234 70 196 46 0.00104396 
v 234 121 196 70 0.0284695 
v 85 103 102 92 0.00039759 
v 203 210 209 214 0.000182991 
v 234 214 209 237 0.000265661 
v 204 196 225 181 0.000265662 
v 204 196 203 225 0.000338123 
v 225 210 203 204 0.000182991 
v 15 235 10 14 0.000603782 
v 213 210 203 214 0.000541939 
v 204 210 203 213 0.000541939 
v 213 196 203 204 0.00100137 
v 215 196 203 213 0.00036659 
v 215 234 203 196 0.00132871 
v 215 213 203 214 0.000276278 
v 214 234 203 215 0.00100137 
v 212 216 236 224 0.00039759 
v 208 184 199 186 0.00364446 
v 228 223 199 220 0.000441778 
v 171 208 189 196 0.00138894 
v 208 196 193 199 0.00138894 
v 196 179 171 173 0.000338122 
v 215 2 5 1 2.10304e-05 
v 203 196 199 223 0.00100137 
v 196 164 189 179 0.00344796 
v 196 199 189 226 0.0136193 
v 187 184 189 208 0.00046899 
v 151 173 171 179 0.00039759 
v 188 164 189 157 0.00046899 
v 196 179 189 171 0.00100137 
v 203 223 226 231 0.00117749 
v 199 223 226 203 0.00138894 
v 4 11 16 13 0.000441779 
v 35 39 36 30 0.00046899 
v 215 78 37 40 3.73658e-05 
v 184 216 226 199 0.0103786 
v 235 234 229 231 0.000338122 
v 136 164 226 196 0.0820882 
v 12 11 16 4 0.000397589 
v 157 216 226 184 0.0191771 
v 157 164 226 136 0.062555 
v 136 216 226 157 0.062555 
v 98 77 102 80 0.000468989 
v 199 187 207 217 0.000478179 
v 199 186 207 187 0.000468991 
v 212 224 207 216 0.000468989 
v 211 224 207 212 0.000441778 
v 199 216 207 184 0.0103786 
v 199 184 207 186 0.00364446 
v 202 216 207 224 0.00138894 
v 224 211 207 205 0.000441778 
v 201 184 207 216 0.0136193 
v 186 184 207 201 0.00478246 
v 201 216 207 202 0.00344796 
v 202 224 207 201 0.00100137 
v 201 205 207 186 0.00138894 
v 224 205 207 201 0.00164648 
v 172 153 197 183 0.00039759 
v 7 6 239 242 2.10304e-05 
v 7 222 239 6 0.000708892 
v 201 172 190 194 0.000338123 
v 149 155 147 168 0.00265221 
v 219 241 198 202 0.000541939 
v 201 178 190 172 0.00100137 
v 167 168 169 137 0.000182991 
v 7 110 239 43 2.02222e-05 
v 241 222 239 202 0.00100137 
v 201 202 239 222 0.00132871 
v 6 222 239 241 0.000541938 
v 7 43 239 222 0.000288028 
v 73 201 239 222 0.0078547 
v 191 201 192 198 0.000276278 
v 202 219 192 198 0.000541939 
v 198 201 192 202 0.00100137 
v 194 201 200 192 0.000265662 
v 192 201 200 221 0.000265662 
v 191 201 190 192 0.000541939 
v 191 178 190 201 0.000276278 
v 201 172 197 183 0.000338122 
v 201 205 197 182 0.00039759 
v 201 183 197 205 0.000441779 
v 157 172 168 155 0.00344796 
v 190 172 167 194 0.000265662 
v 168 166 161 137 0.00100137 
v 120 117 125 98 0.000468989 
v 155 157 147 168 0.00138894 
v 134 138 166 142 0.000338123 
v 165 138 166 134 0.000265662 
v 178 172 158 190 0.000276278 
v 155 172 168 149 0.00637101 
v 149 117 125 120 0.000468989 
v 149 172 168 117 0.0114736 
v 117 142 168 149 0.00647383 
v 113 134 132 115 0.000182991 
v 168 153 147 144 0.00039759 
v 168 157 147 153 0.00130836 
v 136 130 129 149 0.000478179 
v 149 117 120 98 0.00336704 
v 112 149 120 98 0.00364446 
v 129 149 120 112 0.000468991 
v 98 117 125 114 0.00039759 
v 98 114 125 116 0.000441779 
v 144 142 126 147 0.000441777 
v 142 117 126 149 0.00117749 
v 149 117 126 125 0.000441778 
v 142 138 115 134 0.000338123 
v 168 117 115 142 0.00209513 
v 117 172 115 114 0.00681278 
v 168 172 115 117 0.00387129 
v 101 111 115 105 0.000276278 
v 114 172 115 201 0.00579379 
v 201 101 115 74 0.00785471 
v 201 111 115 101 0.00377196 
v 201 172 115 111 0.0104637 
v 114 201 115 222 0.0157636 
v 74 222 115 201 0.0284695 
v 30 23 12 11 0.00101725 
v 94 106 84 104 0.000338123 
v 166 165 137 168 0.000338123 
v 166 134 137 165 0.000182991 
v 168 172 161 131 0.000677371 
v 62 30 53 31 0.00101726 
v 101 110 81 74 7.10111e-06 
v 172 201 158 161 0.000677371 
v 169 190 158 172 0.000541939 
v 198 110 158 239 3.73658e-05 
v 169 172 158 168 0.00100137 
v 169 168 158 137 0.000541939 
v 161 137 158 168 0.000276278 
v 115 168 131 172 0.00699164 
v 115 172 131 111 0.00192899 
v 172 201 131 111 0.000957947 
v 168 172 158 161 0.00036659 
v 115 142 131 168 0.00378385 
v 115 134 131 142 0.00100137 
v 111 134 131 115 0.000276278 
v 137 166 161 134 0.000541939 
v 168 142 161 166 0.00132871 
v 131 142 161 168 0.00036659 
v 131 134 161 142 0.000276278 
v 166 142 161 134 0.00100137 
v 131 110 158 161 7.1011e-06 
v 131 111 158 110 2.02222e-05 
v 73 110 158 111 0.000187851 
v 239 110 158 73 0.000281138 
v 198 201 158 178 0.000288028 
v 239 201 158 198 0.000532207 
v 131 201 158 111 0.000288028 
v 161 201 158 131 0.000101142 
v 73 201 158 239 0.00400429 
v 73 111 158 201 0.00267558 
v 107 105 94 115 0.000338123 
v 49 73 29 63 0.000541939 
v 71 100 67 80 0.000468989 
v 66 89 62 39 0.00285444 
v 107 106 94 105 0.000265662 
v 106 104 94 105 0.000182991 
v 105 101 94 115 0.00100137 
v 105 104 94 101 0.000541939 
v 81 101 94 104 0.000276278 
v 115 222 94 114 0.00966508 
v 81 74 94 101 0.000101142 
v 115 101 94 74 0.00104396 
v 115 74 94 222 0.0174554 
v 64 75 83 55 0.000265661 
v 64 104 83 75 0.000182991 
v 39 65 62 66 0.000468989 
v 54 55 29 53 0.000265661 
v 53 63 29 73 0.00100137 
v 39 62 31 30 0.00241988 
v 85 80 67 96 0.0103786 
v 45 69 61 68 0.00018299 
v 60 229 61 85 0.0120277 
v 235 85 61 229 0.0182405 
v 93 121 108 118 0.00100137 
v 49 55 64 63 0.000338122 
v 49 75 64 55 0.00018299 
v 106 104 64 84 0.000338123 
v 34 30 16 35 0.000441779 
v 49 73 64 75 0.000541939 
v 63 73 64 49 0.00100137 
v 104 75 64 74 0.000541939 
v 74 75 64 73 0.000276278 
v 114 96 64 94 0.000865104 
v 114 222 64 96 0.0104998 
v 94 222 64 114 0.0178587 
v 104 94 64 84 0.00105243 
v 94 74 64 222 0.0322533 
v 73 222 64 74 0.00377196 
v 81 74 64 94 0.000366591 
v 81 104 64 74 0.000276278 
v 94 104 64 81 0.00227902 
v 239 73 44 110 5.59219e-05 
v 35 30 16 4 0.000468989 
v 64 73 53 222 0.0228065 
v 63 73 53 64 0.00132871 
v 239 110 44 43 3.73658e-05 
v 55 63 29 53 0.000338122 
v 55 49 29 63 0.00018299 
v 239 222 44 73 0.000796504 
v 29 222 44 28 0.00132871 
v 43 28 44 222 0.000677371 
v 11 4 240 238 0.00138894 
v 25 28 24 27 0.000265661 
v 17 235 32 15 0.000624768 
v 29 28 25 53 0.00018299 
v 31 30 36 39 0.00039759 
v 41 48 229 26 0.0085632 
v 240 227 229 226 0.000468993 
v 240 19 229 227 0.000468988 
v 215 1 5 78 7.10111e-06 
v 222 6 24 232 0.000618163 
v 222 21 24 6 0.000425798 
v 233 222 11 232 0.000338123 
v 24 232 11 222 0.000786772 
v 23 232 11 24 0.000265661 
v 236 216 11 222 0.00117749 
v 27 30 11 23 0.000865104 
v 27 23 11 24 0.00104809 
v 4 238 11 13 0.00046899 
v 9 235 229 231 0.000397593 
v 216 13 11 238 0.000468991 
v 212 216 11 236 0.00039759 
v 212 13 11 216 0.00044178 
v 30 35 11 4 0.00285444 
v 53 30 11 27 0.00246361 
v 24 222 11 21 0.000925147 
v 24 21 11 27 0.00192652 
v 35 30 11 39 0.00812876 
v 64 222 11 96 0.0194012 
v 53 222 11 64 0.012628 
v 27 28 11 53 0.00452556 
v 21 28 11 27 0.00121168 
v 21 222 11 28 0.00154419 
v 20 41 8 26 0.000441779 
v 39 30 11 62 0.0172047 
v 22 26 8 19 0.00039759 
v 114 216 11 96 0.0293702 
v 114 222 11 216 0.0439764 
v 96 222 11 114 0.0123465 
v 53 64 11 63 0.000735711 
v 62 63 11 64 0.00681278 
v 29 28 11 222 0.00264299 
v 53 28 11 29 0.00244921 
v 29 222 11 53 0.00389514 
v 26 22 10 235 0.000865104 
v 33 235 32 40 0.000967737 
v 62 30 11 53 0.00723241 
v 53 63 11 62 0.00455215 
v 26 41 8 19 0.000468989 
v 85 98 102 80 0.00364446 
v 226 234 229 196 0.00739897 
v 240 18 229 19 0.000478177 
v 4 18 229 240 0.00141615 
v 4 19 229 18 0.000441777 
v 226 216 229 240 0.00185793 
v 19 4 229 41 0.00482195 
v 93 87 61 85 0.000735711 
v 48 59 229 26 0.0197512 
v 92 98 102 85 0.00308963 
v 120 98 109 112 0.00046899 
v 240 11 229 4 0.00667988 
v 216 11 229 240 0.00667989 
v 41 35 229 48 0.0111653 
v 4 35 229 41 0.00482195 
v 11 35 229 4 0.0144266 
v 67 80 79 71 0.000468989 
v 35 39 229 48 0.0111653 
v 11 39 229 35 0.0287408 
v 11 216 229 96 0.0797088 
v 96 64 229 11 0.0450518 
v 96 89 229 64 0.0170755 
v 96 114 229 85 0.0951469 
v 96 216 229 114 0.0593046 
v 62 39 229 11 0.0538918 
v 62 89 229 39 0.0194082 
v 64 62 229 11 0.0564113 
v 64 89 229 62 0.0143466 
v 33 235 56 32 0.001622 
v 46 69 61 70 0.000276278 
v 68 69 61 46 0.000541939 
v 229 59 56 26 0.00778388 
v 56 45 57 33 0.000338122 
v 229 26 56 235 0.00609061 
v 46 235 56 40 0.00192899 
v 33 40 56 235 0.00241753 
v 46 40 56 33 0.000276278 
v 61 68 57 45 0.000338122 
v 128 118 108 121 0.000276278 
v 196 121 108 70 0.00785471 
v 66 89 60 67 0.0103786 
v 67 89 60 96 0.00879851 
v 67 96 60 85 0.00879851 
v 46 68 57 61 0.00100137 
v 46 33 57 68 0.000541939 
v 67 85 79 80 0.00364446 
v 70 78 108 128 2.02222e-05 
v 196 70 108 128 0.000288028 
v 229 48 60 59 0.0194082 
v 229 85 60 96 0.0798326 
v 229 96 60 89 0.0798326 
v 66 39 60 89 0.0191771 
v 39 48 60 229 0.045787 
v 229 89 60 39 0.13039 
v 234 70 61 93 0.0322533 
v 234 235 61 70 0.0136715 
v 47 66 72 71 0.000478177 
v 79 71 72 66 0.000468989 
v 60 48 72 59 0.00285444 
v 66 42 72 39 0.000468989 
v 48 39 72 42 0.000468989 
v 60 52 72 79 0.000468989 
v 60 59 72 52 0.00039759 
v 66 60 72 79 0.00364446 
v 60 66 72 39 0.00673409 
v 60 39 72 48 0.00673409 
v 61 70 99 93 0.000366591 
v 118 93 76 108 0.000541939 
v 87 90 76 61 0.000338123 
v 90 87 76 93 0.000338123 
v 93 118 76 90 0.000182991 
v 93 61 76 99 0.00227902 
v 93 87 76 61 0.00105243 
v 86 69 76 61 0.000182991 
v 61 90 76 86 0.000265661 
v 61 70 76 99 0.000276278 
v 61 69 76 70 0.000541939 
v 196 234 92 121 0.0157636 
v 61 93 92 234 0.0178587 
v 85 93 92 61 0.000865104 
v 98 77 109 102 0.000478178 
v 229 196 92 226 0.0689732 
v 229 234 92 196 0.0415958 
v 196 179 92 136 0.0237051 
v 122 136 92 179 0.0185839 
v 61 234 92 235 0.00756995 
v 61 235 92 85 0.00963472 
v 114 98 92 85 0.00879851 
v 226 196 92 136 0.137517 
v 229 235 92 234 0.023993 
v 85 235 92 229 0.0260954 
v 229 114 92 85 0.0951469 
v 136 98 92 149 0.00673409 
v 114 149 92 98 0.0191771 
v 229 216 92 114 0.118657 
v 226 216 92 229 0.0416667 
v 136 216 92 226 0.0817321 
v 136 149 92 216 0.0817321 
v 114 216 92 149 0.232753 
