x 0 -2 0 
x 1.44721 -0.89444 1.05145 
x -0.552776 -0.89444 1.7013 
x -1.78885 -0.894432 0 
x -0.552776 -0.89444 -1.7013 
x 1.44721 -0.89444 -1.05145 
x 0.552776 0.89444 1.7013 
x -1.44721 0.89444 1.05145 
x -1.44721 0.89444 -1.05145 
x 0.552776 0.89444 -1.7013 
x 1.78885 0.894432 0 
x 0 2 0 
x -0.324912 -1.70131 0.99999 
x 0.850646 -1.70131 0.618022 
x 0.525738 -1.05148 1.61802 
x 1.7013 -1.05147 0 
x 0.850646 -1.70131 -0.618022 
x -1.05146 -1.7013 0 
x -1.37638 -1.05147 0.999994 
x -0.324912 -1.70131 -0.99999 
x -1.37638 -1.05147 -0.999994 
x 0.525738 -1.05148 -1.61802 
x 1.90212 0 0.618026 
x 1.90212 0 -0.618026 
x 0 0 2 
x 1.17557 0 1.61803 
x -1.90212 0 0.618026 
x -1.17557 0 1.61803 
x -1.17557 0 -1.61803 
x -1.90212 0 -0.618026 
x 1.17557 0 -1.61803 
x 0 0 -2 
x 1.37638 1.05147 0.999994 
x -0.525738 1.05148 1.61802 
x -1.7013 1.05147 0 
x -0.525738 1.05148 -1.61802 
x 1.37638 1.05147 -0.999994 
x 0.324912 1.70131 0.99999 
x 1.05146 1.7013 0 
x -0.850646 1.70131 0.618022 
x -0.850646 1.70131 -0.618022 
x 0.324912 1.70131 -0.99999 
f 1 14 13 
f 2 14 16 
f 1 13 18 
f 1 18 20 
f 1 20 17 
f 2 16 23 
f 3 15 25 
f 4 19 27 
f 5 21 29 
f 6 22 31 
f 2 23 26 
f 3 25 28 
f 4 27 30 
f 5 29 32 
f 6 31 24 
f 7 33 38 
f 8 34 40 
f 9 35 41 
f 10 36 42 
f 11 37 39 
f 39 42 12 
f 39 37 42 
f 37 10 42 
f 42 41 12 
f 42 36 41 
f 36 9 41 
f 41 40 12 
f 41 35 40 
f 35 8 40 
f 40 38 12 
f 40 34 38 
f 34 7 38 
f 38 39 12 
f 38 33 39 
f 33 11 39 
f 24 37 11 
f 24 31 37 
f 31 10 37 
f 32 36 10 
f 32 29 36 
f 29 9 36 
f 30 35 9 
f 30 27 35 
f 27 8 35 
f 28 34 8 
f 28 25 34 
f 25 7 34 
f 26 33 7 
f 26 23 33 
f 23 11 33 
f 31 32 10 
f 31 22 32 
f 22 5 32 
f 29 30 9 
f 29 21 30 
f 21 4 30 
f 27 28 8 
f 27 19 28 
f 19 3 28 
f 25 26 7 
f 25 15 26 
f 15 2 26 
f 23 24 11 
f 23 16 24 
f 16 6 24 
f 17 22 6 
f 17 20 22 
f 20 5 22 
f 20 21 5 
f 20 18 21 
f 18 4 21 
f 18 19 4 
f 18 13 19 
f 13 3 19 
f 16 17 6 
f 16 14 17 
f 14 1 17 
f 13 15 3 
f 13 14 15 
f 14 2 15 
c 1 14 1.09305 
c 1 13 1.09305 
c 14 13 1.23606 
c 2 14 1.09306 
c 2 16 1.09305 
c 14 16 1.23606 
c 1 18 1.09306 
c 13 18 1.23606 
c 1 20 1.09305 
c 18 20 1.23606 
c 1 17 1.09305 
c 20 17 1.23606 
c 2 23 1.09308 
c 16 23 1.23607 
c 3 15 1.09306 
c 3 25 1.09307 
c 15 25 1.23609 
c 4 19 1.09306 
c 4 27 1.09307 
c 19 27 1.23608 
c 5 21 1.09307 
c 5 29 1.09308 
c 21 29 1.23608 
c 6 22 1.09306 
c 6 31 1.09308 
c 22 31 1.23608 
c 2 26 1.09308 
c 23 26 1.23608 
c 3 28 1.09308 
c 25 28 1.23607 
c 4 30 1.09307 
c 27 30 1.23605 
c 5 32 1.09307 
c 29 32 1.23607 
c 6 24 1.09308 
c 31 24 1.23608 
c 7 33 1.09307 
c 7 38 1.09306 
c 33 38 1.23607 
c 8 34 1.09306 
c 8 40 1.09306 
c 34 40 1.23606 
c 9 35 1.09305 
c 9 41 1.09306 
c 35 41 1.23606 
c 10 36 1.09306 
c 10 42 1.09306 
c 36 42 1.23606 
c 11 37 1.09306 
c 11 39 1.09306 
c 37 39 1.23606 
c 39 42 1.23606 
c 39 12 1.09306 
c 42 12 1.09305 
c 37 42 1.23607 
c 37 10 1.09307 
c 42 41 1.23606 
c 41 12 1.09305 
c 36 41 1.23606 
c 36 9 1.09306 
c 41 40 1.23604 
c 40 12 1.09305 
c 35 40 1.23606 
c 35 8 1.09305 
c 40 38 1.23606 
c 38 12 1.09305 
c 34 38 1.23606 
c 34 7 1.09306 
c 38 39 1.23606 
c 33 39 1.23606 
c 33 11 1.09306 
c 24 37 1.23608 
c 24 11 1.09307 
c 31 37 1.23608 
c 31 10 1.09308 
c 32 36 1.23609 
c 32 10 1.09307 
c 29 36 1.23608 
c 29 9 1.09308 
c 30 35 1.23607 
c 30 9 1.09308 
c 27 35 1.23607 
c 27 8 1.09308 
c 28 34 1.23608 
c 28 8 1.09308 
c 25 34 1.23609 
c 25 7 1.09307 
c 26 33 1.23608 
c 26 7 1.09308 
c 23 33 1.23608 
c 23 11 1.09307 
c 31 32 1.23607 
c 22 32 1.23609 
c 22 5 1.09306 
c 29 30 1.23608 
c 21 30 1.23608 
c 21 4 1.09306 
c 27 28 1.23608 
c 19 28 1.23608 
c 19 3 1.09307 
c 25 26 1.23607 
c 15 26 1.23608 
c 15 2 1.09306 
c 23 24 1.23605 
c 16 24 1.23607 
c 16 6 1.09305 
c 17 22 1.23606 
c 17 6 1.09306 
c 20 22 1.23606 
c 20 5 1.09306 
c 20 21 1.23607 
c 18 21 1.23606 
c 18 4 1.09306 
c 18 19 1.23606 
c 13 19 1.23607 
c 13 3 1.09306 
c 16 17 1.23606 
c 14 17 1.23604 
c 13 15 1.23606 
c 14 15 1.23606 
v 1 13 14 17 0.0723353 
v 2 3 13 15 0.104689 
v 2 11 23 24 0.104691 
v 2 13 33 6 1.22864 
v 2 25 3 15 0.104691 
v 2 33 11 6 0.277412 
v 3 13 38 25 0.216611 
v 4 19 8 27 0.104692 
v 5 9 42 32 0.332459 
v 6 5 20 32 0.0583727 
v 6 10 31 32 0.104695 
v 6 20 10 32 0.332459 
v 6 22 5 32 0.104691 
v 6 31 22 32 0.0615373 
v 7 13 33 2 0.426897 
v 7 34 8 25 0.104691 
v 7 38 13 25 0.216611 
v 8 3 19 38 0.426897 
v 8 4 27 9 0.178111 
v 8 19 21 42 1.16851 
v 8 21 4 9 0.277412 
v 8 27 35 9 0.104688 
v 8 28 3 25 0.104695 
v 8 38 7 25 0.0583727 
v 9 5 29 32 0.104695 
v 9 8 21 42 1.22864 
v 9 21 5 42 0.426897 
v 10 9 36 32 0.104691 
v 10 42 9 32 0.0583727 
v 10 42 20 37 0.467539 
v 11 39 37 33 0.0723375 
v 12 42 39 38 0.0723369 
v 13 1 20 17 0.117042 
v 13 2 15 14 0.0615345 
v 13 7 25 2 0.332459 
v 13 19 3 38 0.467539 
v 13 20 19 42 1.33332 
v 13 37 38 33 1.33333 
v 14 13 2 6 0.33244 
v 16 2 23 24 0.0615338 
v 16 14 2 6 0.104686 
v 17 13 14 6 0.195402 
v 17 14 16 6 0.0615325 
v 18 1 20 13 0.0723369 
v 18 20 21 19 0.157377 
v 18 21 4 19 0.0723375 
v 19 13 42 38 1.33332 
v 19 20 21 42 1.33333 
v 19 21 4 8 0.263836 
v 19 28 8 27 0.0615389 
v 20 10 37 6 0.426897 
v 20 13 17 6 0.31617 
v 20 18 13 19 0.157376 
v 21 5 29 9 0.104696 
v 21 20 5 42 0.467539 
v 21 29 30 9 0.0615389 
v 22 5 20 6 0.104689 
v 22 20 17 6 0.0615345 
v 24 2 11 6 0.178111 
v 24 11 37 6 0.104692 
v 24 16 2 6 0.104688 
v 25 3 13 2 0.0583727 
v 25 7 26 2 0.104695 
v 26 25 2 15 0.0615373 
v 28 3 19 8 0.104696 
v 29 36 9 32 0.0615373 
v 30 4 21 9 0.104692 
v 30 27 4 9 0.104691 
v 30 35 27 9 0.0615338 
v 33 11 23 2 0.104692 
v 33 13 37 6 1.16851 
v 33 23 26 2 0.0615389 
v 33 26 7 2 0.104696 
v 34 8 40 38 0.0615345 
v 34 28 8 25 0.0615373 
v 35 8 9 41 0.104686 
v 35 40 8 41 0.0615325 
v 37 10 31 6 0.104696 
v 37 11 33 6 0.263836 
v 37 13 20 6 1.16851 
v 37 31 24 6 0.0615389 
v 37 42 13 38 1.33332 
v 38 8 3 25 0.332459 
v 38 13 33 7 0.467539 
v 38 34 8 7 0.104689 
v 38 37 39 33 0.157377 
v 41 8 9 42 0.33244 
v 41 9 36 42 0.0615345 
v 41 12 40 42 0.0723353 
v 41 40 8 42 0.195402 
v 42 8 19 38 1.16851 
v 42 9 36 10 0.104689 
v 42 10 20 32 0.216611 
v 42 12 40 38 0.117042 
v 42 13 20 37 1.33332 
v 42 20 5 32 0.216611 
v 42 37 39 38 0.157376 
v 42 40 8 38 0.31617 
