x 0 0.196157 -0.039018 
x 0 0.184776 -0.0765366 
x 0 0.141421 -0.141421 
x 0 0.0765366 -0.184776 
x 0 0.039018 -0.196157 
x 0 -0.039018 -0.196157 
x 0 -0.111114 -0.166294 
x 0 -0.166294 -0.111114 
x 0 -0.184776 -0.0765366 
x 0 -0.196157 -0.039018 
x 0.0149316 0.196157 -0.036048 
x 0.0292894 0.184776 -0.0707106 
x 0.0425216 0.166294 -0.102656 
x 0.0541196 0.141421 -0.130656 
x 0.063638 0.111114 -0.153636 
x 0.0707106 0.0765366 -0.170711 
x 0.075066 0.039018 -0.181225 
x 0.0765366 0 -0.184776 
x 0.075066 -0.039018 -0.181225 
x 0.0707106 -0.0765366 -0.170711 
x 0.063638 -0.111114 -0.153636 
x 0.0541196 -0.141421 -0.130656 
x 0.0425216 -0.166294 -0.102656 
x 0.0292894 -0.184776 -0.0707106 
x 0.0149316 -0.196157 -0.036048 
x 0.02759 0.196157 -0.02759 
x 0.0541196 0.184776 -0.0541196 
x 0.0785696 0.166294 -0.0785694 
x 0.1 0.141421 -0.1 
x 0.117588 0.111114 -0.117588 
x 0.130656 0.0765366 -0.130656 
x 0.138704 0.039018 -0.138704 
x 0.141421 0 -0.141421 
x 0.138704 -0.039018 -0.138704 
x 0.130656 -0.0765366 -0.130656 
x 0.117588 -0.111114 -0.117588 
x 0.1 -0.141421 -0.1 
x 0.0785696 -0.166294 -0.0785694 
x 0.0541196 -0.184776 -0.0541196 
x 0.02759 -0.196157 -0.02759 
x 0.036048 0.196157 -0.0149316 
x 0.0707106 0.184776 -0.0292894 
x 0.102656 0.166294 -0.0425216 
x 0.130656 0.141421 -0.0541196 
x 0.153636 0.111114 -0.063638 
x 0.170711 0.0765366 -0.0707106 
x 0.181225 0.039018 -0.075066 
x 0.184776 0 -0.0765366 
x 0.181225 -0.039018 -0.075066 
x 0.170711 -0.0765366 -0.0707106 
x 0.153636 -0.111114 -0.063638 
x 0.130656 -0.141421 -0.0541196 
x 0.102656 -0.166294 -0.0425216 
x 0.0707106 -0.184776 -0.0292894 
x 0.036048 -0.196157 -0.0149316 
x 0.039018 0.196157 0 
x 0.0765366 0.184776 0 
x 0.111114 0.166294 0 
x 0.141421 0.141421 0 
x 0.166294 0.111114 0 
x 0.184776 0.0765366 0 
x 0.196157 0.039018 0 
x 0.2 0 0 
x 0.196157 -0.039018 0 
x 0.184776 -0.0765366 0 
x 0.166294 -0.111114 0 
x 0.141421 -0.141421 0 
x 0.111114 -0.166294 0 
x 0.0765366 -0.184776 0 
x 0.039018 -0.196157 0 
x 0.036048 0.196157 0.0149316 
x 0.0707106 0.184776 0.0292894 
x 0.102656 0.166294 0.0425216 
x 0.130656 0.141421 0.0541196 
x 0.153636 0.111114 0.063638 
x 0.170711 0.0765366 0.0707108 
x 0.181225 0.039018 0.075066 
x 0.184776 0 0.0765368 
x 0.181225 -0.039018 0.075066 
x 0.170711 -0.0765366 0.0707108 
x 0.153636 -0.111114 0.063638 
x 0.130656 -0.141421 0.0541196 
x 0.102656 -0.166294 0.0425216 
x 0.0707106 -0.184776 0.0292894 
x 0.036048 -0.196157 0.0149316 
x 0.02759 0.196157 0.02759 
x 0.0541196 0.184776 0.0541196 
x 0.0785694 0.166294 0.0785696 
x 0.1 0.141421 0.1 
x 0.117588 0.111114 0.117588 
x 0.130656 0.0765366 0.130656 
x 0.138704 0.039018 0.138704 
x 0.141421 0 0.141421 
x 0.138704 -0.039018 0.138704 
x 0.130656 -0.0765366 0.130656 
x 0.117588 -0.111114 0.117588 
x 0.1 -0.141421 0.1 
x 0.0785694 -0.166294 0.0785696 
x 0.0541196 -0.184776 0.0541196 
x 0.02759 -0.196157 0.02759 
x 0.0149316 0.196157 0.036048 
x 0.0292894 0.184776 0.0707106 
x 0.0425214 0.166294 0.102656 
x 0.0541196 0.141421 0.130656 
x 0.0636378 0.111114 0.153636 
x 0.0707106 0.0765366 0.170711 
x 0.075066 0.039018 0.181225 
x 0.0765366 0 0.184776 
x 0.075066 -0.039018 0.181225 
x 0.0707106 -0.0765366 0.170711 
x 0.0636378 -0.111114 0.153636 
x 0.0541196 -0.141421 0.130656 
x 0.0425214 -0.166294 0.102656 
x 0.0292894 -0.184776 0.0707106 
x 0.0149316 -0.196157 0.036048 
x -0 0.196157 0.039018 
x -0 0.184776 0.0765366 
x -0 0.166294 0.111114 
x -0 0.141421 0.141421 
x -0 0.111114 0.166294 
x -0 0.0765366 0.184776 
x -0 0.039018 0.196157 
x -0 0 0.2 
x -0 -0.039018 0.196157 
x -0 -0.0765366 0.184776 
x -0 -0.111114 0.166294 
x -0 -0.141421 0.141421 
x -0 -0.166294 0.111114 
x -0 -0.184776 0.0765366 
x -0 -0.196157 0.039018 
x -0.0149316 0.196157 0.036048 
x -0.0292894 0.184776 0.0707106 
x -0.0425216 0.166294 0.102656 
x -0.0541196 0.141421 0.130656 
x -0.063638 0.111114 0.153636 
x -0.0707108 0.0765366 0.170711 
x -0.0750662 0.039018 0.181225 
x -0.0765368 0 0.184776 
x -0.0750662 -0.039018 0.181225 
x -0.0707108 -0.0765366 0.170711 
x -0.063638 -0.111114 0.153636 
x -0.0541196 -0.141421 0.130656 
x -0.0425216 -0.166294 0.102656 
x -0.0292894 -0.184776 0.0707106 
x -0.0149316 -0.196157 0.036048 
x 0 -0.2 0 
x -0.02759 0.196157 0.02759 
x -0.0541196 0.184776 0.0541196 
x -0.0785696 0.166294 0.0785694 
x -0.1 0.141421 0.1 
x -0.117588 0.111114 0.117588 
x -0.130656 0.0765366 0.130656 
x -0.138704 0.039018 0.138704 
x -0.141421 0 0.141421 
x -0.138704 -0.039018 0.138704 
x -0.130656 -0.0765366 0.130656 
x -0.117588 -0.111114 0.117588 
x -0.1 -0.141421 0.1 
x -0.0785696 -0.166294 0.0785694 
x -0.0541196 -0.184776 0.0541196 
x -0.02759 -0.196157 0.02759 
x -0.036048 0.196157 0.0149316 
x -0.0707106 0.184776 0.0292892 
x -0.102656 0.166294 0.0425214 
x -0.130656 0.141421 0.0541196 
x -0.153636 0.111114 0.0636378 
x -0.170711 0.0765366 0.0707106 
x -0.181225 0.039018 0.075066 
x -0.184776 0 0.0765366 
x -0.181225 -0.039018 0.075066 
x -0.170711 -0.0765366 0.0707106 
x -0.153636 -0.111114 0.0636378 
x -0.130656 -0.141421 0.0541196 
x -0.102656 -0.166294 0.0425214 
x -0.0707106 -0.184776 0.0292892 
x -0.036048 -0.196157 0.0149316 
x 0 0.2 0 
x -0.039018 0.196157 -0 
x -0.0765366 0.184776 -0 
x -0.111114 0.166294 -0 
x -0.141421 0.141421 -0 
x -0.166294 0.111114 -0 
x -0.184776 0.0765366 -0 
x -0.196157 0.039018 -0 
x -0.2 0 -2e-07 
x -0.196157 -0.039018 -0 
x -0.184776 -0.0765366 -0 
x -0.166294 -0.111114 -0 
x -0.141421 -0.141421 -0 
x -0.111114 -0.166294 -0 
x -0.0765366 -0.184776 -0 
x -0.039018 -0.196157 -0 
x -0.036048 0.196157 -0.0149316 
x -0.0707106 0.184776 -0.0292894 
x -0.102656 0.166294 -0.0425216 
x -0.130656 0.141421 -0.0541196 
x -0.153636 0.111114 -0.063638 
x -0.170711 0.0765366 -0.0707108 
x -0.181225 0.039018 -0.0750662 
x -0.184776 0 -0.0765368 
x -0.181225 -0.039018 -0.0750662 
x -0.170711 -0.0765366 -0.0707108 
x -0.153636 -0.111114 -0.063638 
x -0.130656 -0.141421 -0.0541196 
x -0.102656 -0.166294 -0.0425216 
x -0.0707106 -0.184776 -0.0292894 
x -0.036048 -0.196157 -0.0149316 
x -0.02759 0.196157 -0.02759 
x -0.0541196 0.184776 -0.0541196 
x -0.0785694 0.166294 -0.0785696 
x -0.1 0.141421 -0.1 
x -0.117587 0.111114 -0.117588 
x -0.130656 0.0765366 -0.130656 
x -0.138704 0.039018 -0.138704 
x -0.141421 0 -0.141421 
x -0.138704 -0.039018 -0.138704 
x -0.130656 -0.0765366 -0.130656 
x -0.117587 -0.111114 -0.117588 
x -0.1 -0.141421 -0.1 
x -0.0785694 -0.166294 -0.0785696 
x -0.0541196 -0.184776 -0.0541196 
x -0.02759 -0.196157 -0.02759 
x -0.0149316 0.196157 -0.036048 
x -0.0292892 0.184776 -0.0707108 
x -0.0425214 0.166294 -0.102656 
x -0.0541196 0.141421 -0.130656 
x -0.0636378 0.111114 -0.153636 
x -0.0707106 0.0765366 -0.170711 
x -0.075066 0.039018 -0.181225 
x -0.0765366 0 -0.184776 
x -0.075066 -0.039018 -0.181225 
x -0.0707106 -0.0765366 -0.170711 
x -0.0636378 -0.111114 -0.153636 
x -0.0541196 -0.141421 -0.130656 
x -0.0425214 -0.166294 -0.102656 
x -0.0292892 -0.184776 -0.0707108 
x -0.0149316 -0.196157 -0.036048 
x 0 0.166294 -0.111114 
x 0 0.111114 -0.166294 
x 2e-07 0 -0.2 
x 2e-07 -0.0765366 -0.184776 
x 0 -0.141421 -0.141421 
f 241 19 20 
f 238 12 13 
f 241 21 7 
f 238 14 3 
f 242 21 22 
f 239 14 15 
f 242 23 8 
f 239 16 4 
f 9 23 24 
f 4 17 5 
f 9 25 10 
f 240 17 18 
f 1 177 11 
f 146 10 25 
f 240 19 6 
f 1 12 2 
f 146 25 40 
f 18 34 19 
f 11 27 12 
f 19 35 20 
f 12 28 13 
f 20 36 21 
f 13 29 14 
f 21 37 22 
f 14 30 15 
f 23 37 38 
f 15 31 16 
f 24 38 39 
f 16 32 17 
f 24 40 25 
f 17 33 18 
f 11 177 26 
f 37 53 38 
f 30 46 31 
f 39 53 54 
f 31 47 32 
f 40 54 55 
f 32 48 33 
f 26 177 41 
f 146 40 55 
f 33 49 34 
f 26 42 27 
f 34 50 35 
f 27 43 28 
f 35 51 36 
f 28 44 29 
f 37 51 52 
f 29 45 30 
f 41 57 42 
f 49 65 50 
f 43 57 58 
f 50 66 51 
f 43 59 44 
f 51 67 52 
f 44 60 45 
f 53 67 68 
f 45 61 46 
f 53 69 54 
f 47 61 62 
f 55 69 70 
f 47 63 48 
f 41 177 56 
f 146 55 70 
f 48 64 49 
f 61 75 76 
f 69 83 84 
f 61 77 62 
f 70 84 85 
f 62 78 63 
f 56 177 71 
f 146 70 85 
f 64 78 79 
f 56 72 57 
f 64 80 65 
f 58 72 73 
f 65 81 66 
f 58 74 59 
f 66 82 67 
f 59 75 60 
f 67 83 68 
f 79 95 80 
f 72 88 73 
f 80 96 81 
f 74 88 89 
f 82 96 97 
f 74 90 75 
f 82 98 83 
f 75 91 76 
f 84 98 99 
f 76 92 77 
f 84 100 85 
f 77 93 78 
f 71 177 86 
f 146 85 100 
f 79 93 94 
f 72 86 87 
f 98 114 99 
f 91 107 92 
f 99 115 100 
f 92 108 93 
f 86 177 101 
f 146 100 115 
f 93 109 94 
f 87 101 102 
f 94 110 95 
f 87 103 88 
f 95 111 96 
f 89 103 104 
f 97 111 112 
f 89 105 90 
f 97 113 98 
f 90 106 91 
f 102 118 103 
f 110 126 111 
f 104 118 119 
f 112 126 127 
f 104 120 105 
f 112 128 113 
f 105 121 106 
f 113 129 114 
f 107 121 122 
f 114 130 115 
f 108 122 123 
f 101 177 116 
f 146 115 130 
f 108 124 109 
f 101 117 102 
f 109 125 110 
f 121 137 122 
f 129 145 130 
f 123 137 138 
f 116 177 131 
f 146 130 145 
f 123 139 124 
f 116 132 117 
f 124 140 125 
f 117 133 118 
f 125 141 126 
f 119 133 134 
f 127 141 142 
f 119 135 120 
f 127 143 128 
f 121 135 136 
f 129 143 144 
f 140 157 141 
f 134 149 150 
f 141 158 142 
f 134 151 135 
f 142 159 143 
f 136 151 152 
f 143 160 144 
f 136 153 137 
f 144 161 145 
f 138 153 154 
f 131 177 147 
f 146 145 161 
f 138 155 139 
f 132 147 148 
f 139 156 140 
f 132 149 133 
f 160 176 161 
f 154 168 169 
f 147 177 162 
f 146 161 176 
f 154 170 155 
f 147 163 148 
f 155 171 156 
f 148 164 149 
f 156 172 157 
f 150 164 165 
f 158 172 173 
f 150 166 151 
f 158 174 159 
f 151 167 152 
f 160 174 175 
f 152 168 153 
f 173 188 189 
f 165 182 166 
f 173 190 174 
f 166 183 167 
f 175 190 191 
f 167 184 168 
f 175 192 176 
f 169 184 185 
f 162 177 178 
f 146 176 192 
f 169 186 170 
f 162 179 163 
f 170 187 171 
f 163 180 164 
f 171 188 172 
f 165 180 181 
f 178 177 193 
f 146 192 207 
f 185 201 186 
f 178 194 179 
f 186 202 187 
f 179 195 180 
f 187 203 188 
f 181 195 196 
f 189 203 204 
f 181 197 182 
f 189 205 190 
f 182 198 183 
f 191 205 206 
f 184 198 199 
f 191 207 192 
f 185 199 200 
f 196 212 197 
f 204 220 205 
f 197 213 198 
f 206 220 221 
f 199 213 214 
f 206 222 207 
f 200 214 215 
f 193 177 208 
f 146 207 222 
f 200 216 201 
f 194 208 209 
f 201 217 202 
f 194 210 195 
f 202 218 203 
f 196 210 211 
f 203 219 204 
f 215 231 216 
f 208 224 209 
f 216 232 217 
f 209 225 210 
f 217 233 218 
f 211 225 226 
f 219 233 234 
f 211 227 212 
f 219 235 220 
f 212 228 213 
f 221 235 236 
f 213 229 214 
f 221 237 222 
f 215 229 230 
f 208 177 223 
f 146 222 237 
f 234 8 235 
f 227 4 228 
f 236 8 9 
f 229 4 5 
f 236 10 237 
f 230 5 240 
f 223 177 1 
f 146 237 10 
f 230 6 231 
f 224 1 2 
f 232 6 241 
f 225 2 238 
f 232 7 233 
f 225 3 226 
f 234 7 242 
f 227 3 239 
f 241 6 19 
f 238 2 12 
f 241 20 21 
f 238 13 14 
f 242 7 21 
f 239 3 14 
f 242 22 23 
f 239 15 16 
f 9 8 23 
f 4 16 17 
f 9 24 25 
f 240 5 17 
f 240 18 19 
f 1 11 12 
f 18 33 34 
f 11 26 27 
f 19 34 35 
f 12 27 28 
f 20 35 36 
f 13 28 29 
f 21 36 37 
f 14 29 30 
f 23 22 37 
f 15 30 31 
f 24 23 38 
f 16 31 32 
f 24 39 40 
f 17 32 33 
f 37 52 53 
f 30 45 46 
f 39 38 53 
f 31 46 47 
f 40 39 54 
f 32 47 48 
f 33 48 49 
f 26 41 42 
f 34 49 50 
f 27 42 43 
f 35 50 51 
f 28 43 44 
f 37 36 51 
f 29 44 45 
f 41 56 57 
f 49 64 65 
f 43 42 57 
f 50 65 66 
f 43 58 59 
f 51 66 67 
f 44 59 60 
f 53 52 67 
f 45 60 61 
f 53 68 69 
f 47 46 61 
f 55 54 69 
f 47 62 63 
f 48 63 64 
f 61 60 75 
f 69 68 83 
f 61 76 77 
f 70 69 84 
f 62 77 78 
f 64 63 78 
f 56 71 72 
f 64 79 80 
f 58 57 72 
f 65 80 81 
f 58 73 74 
f 66 81 82 
f 59 74 75 
f 67 82 83 
f 79 94 95 
f 72 87 88 
f 80 95 96 
f 74 73 88 
f 82 81 96 
f 74 89 90 
f 82 97 98 
f 75 90 91 
f 84 83 98 
f 76 91 92 
f 84 99 100 
f 77 92 93 
f 79 78 93 
f 72 71 86 
f 98 113 114 
f 91 106 107 
f 99 114 115 
f 92 107 108 
f 93 108 109 
f 87 86 101 
f 94 109 110 
f 87 102 103 
f 95 110 111 
f 89 88 103 
f 97 96 111 
f 89 104 105 
f 97 112 113 
f 90 105 106 
f 102 117 118 
f 110 125 126 
f 104 103 118 
f 112 111 126 
f 104 119 120 
f 112 127 128 
f 105 120 121 
f 113 128 129 
f 107 106 121 
f 114 129 130 
f 108 107 122 
f 108 123 124 
f 101 116 117 
f 109 124 125 
f 121 136 137 
f 129 144 145 
f 123 122 137 
f 123 138 139 
f 116 131 132 
f 124 139 140 
f 117 132 133 
f 125 140 141 
f 119 118 133 
f 127 126 141 
f 119 134 135 
f 127 142 143 
f 121 120 135 
f 129 128 143 
f 140 156 157 
f 134 133 149 
f 141 157 158 
f 134 150 151 
f 142 158 159 
f 136 135 151 
f 143 159 160 
f 136 152 153 
f 144 160 161 
f 138 137 153 
f 138 154 155 
f 132 131 147 
f 139 155 156 
f 132 148 149 
f 160 175 176 
f 154 153 168 
f 154 169 170 
f 147 162 163 
f 155 170 171 
f 148 163 164 
f 156 171 172 
f 150 149 164 
f 158 157 172 
f 150 165 166 
f 158 173 174 
f 151 166 167 
f 160 159 174 
f 152 167 168 
f 173 172 188 
f 165 181 182 
f 173 189 190 
f 166 182 183 
f 175 174 190 
f 167 183 184 
f 175 191 192 
f 169 168 184 
f 169 185 186 
f 162 178 179 
f 170 186 187 
f 163 179 180 
f 171 187 188 
f 165 164 180 
f 185 200 201 
f 178 193 194 
f 186 201 202 
f 179 194 195 
f 187 202 203 
f 181 180 195 
f 189 188 203 
f 181 196 197 
f 189 204 205 
f 182 197 198 
f 191 190 205 
f 184 183 198 
f 191 206 207 
f 185 184 199 
f 196 211 212 
f 204 219 220 
f 197 212 213 
f 206 205 220 
f 199 198 213 
f 206 221 222 
f 200 199 214 
f 200 215 216 
f 194 193 208 
f 201 216 217 
f 194 209 210 
f 202 217 218 
f 196 195 210 
f 203 218 219 
f 215 230 231 
f 208 223 224 
f 216 231 232 
f 209 224 225 
f 217 232 233 
f 211 210 225 
f 219 218 233 
f 211 226 227 
f 219 234 235 
f 212 227 228 
f 221 220 235 
f 213 228 229 
f 221 236 237 
f 215 214 229 
f 234 242 8 
f 227 239 4 
f 236 235 8 
f 229 228 4 
f 236 9 10 
f 230 229 5 
f 230 240 6 
f 224 223 1 
f 232 231 6 
f 225 224 2 
f 232 241 7 
f 225 238 3 
f 234 233 7 
f 227 226 3 
c 1 2 0.0392068 
c 1 11 0.0152241 
c 1 12 0.0446298 
c 1 14 0.119677 
c 1 16 0.191447 
c 1 41 0.0433545 
c 1 56 0.0551798 
c 1 116 0.078036 
c 1 120 0.222228 
c 1 177 0.0392068 
c 1 178 0.0551798 
c 1 212 0.165022 
c 1 223 0.0152241 
c 1 224 0.0446298 
c 1 225 0.0821563 
c 1 226 0.119677 
c 1 238 0.0780361 
c 1 239 0.153073 
c 2 11 0.0446297 
c 2 12 0.0298632 
c 2 13 0.0532155 
c 2 223 0.0446297 
c 2 224 0.029863 
c 2 225 0.0532154 
c 2 238 0.0392069 
c 3 13 0.0626856 
c 3 14 0.0551799 
c 3 15 0.0715368 
c 3 225 0.0626855 
c 3 226 0.0551799 
c 3 227 0.0715367 
c 3 238 0.0392069 
c 3 239 0.0392068 
c 4 5 0.0392068 
c 4 15 0.078836 
c 4 16 0.0720959 
c 4 17 0.083995 
c 4 227 0.0788358 
c 4 228 0.0720959 
c 4 229 0.083995 
c 4 239 0.039207 
c 5 6 0.078036 
c 5 16 0.083995 
c 5 17 0.0765366 
c 5 18 0.086659 
c 5 19 0.109305 
c 5 228 0.083995 
c 5 229 0.0765366 
c 5 230 0.086659 
c 5 239 0.0780362 
c 5 240 0.0392068 
c 5 241 0.116114 
c 6 18 0.086659 
c 6 19 0.0765366 
c 6 20 0.083995 
c 6 229 0.109305 
c 6 230 0.086659 
c 6 231 0.0765366 
c 6 232 0.083995 
c 6 240 0.0392068 
c 6 241 0.0392068 
c 7 21 0.0648847 
c 7 22 0.0715369 
c 7 232 0.0788359 
c 7 233 0.0648845 
c 7 234 0.0715369 
c 7 241 0.0392068 
c 7 242 0.0392069 
c 8 9 0.0392069 
c 8 10 0.0780361 
c 8 22 0.0626855 
c 8 23 0.0433546 
c 8 24 0.0532155 
c 8 234 0.0626855 
c 8 235 0.0433544 
c 8 236 0.0532152 
c 8 242 0.0392069 
c 9 10 0.0392068 
c 9 23 0.0532155 
c 9 24 0.0298632 
c 9 25 0.0446297 
c 9 235 0.0532154 
c 9 236 0.029863 
c 9 237 0.0446297 
c 10 20 0.191447 
c 10 22 0.119677 
c 10 24 0.0446298 
c 10 25 0.0152241 
c 10 55 0.0433545 
c 10 70 0.0551798 
c 10 126 0.222228 
c 10 130 0.078036 
c 10 146 0.0392068 
c 10 188 0.19081 
c 10 192 0.0551798 
c 10 218 0.165022 
c 10 232 0.191447 
c 10 234 0.119677 
c 10 235 0.0821563 
c 10 236 0.0446298 
c 10 237 0.0152241 
c 10 241 0.188559 
c 11 12 0.0392068 
c 11 14 0.116114 
c 11 26 0.0152241 
c 11 27 0.0446297 
c 11 28 0.0821563 
c 11 41 0.0298631 
c 11 177 0.0392069 
c 12 13 0.0392069 
c 12 14 0.0780361 
c 12 26 0.0446296 
c 12 27 0.029863 
c 12 28 0.0532154 
c 12 238 0.0532155 
c 13 14 0.0392068 
c 13 27 0.0532154 
c 13 28 0.0433546 
c 13 29 0.0626855 
c 13 238 0.0433546 
c 14 15 0.039207 
c 14 16 0.0780362 
c 14 26 0.119676 
c 14 28 0.0626856 
c 14 29 0.0551798 
c 14 30 0.0715368 
c 14 41 0.129286 
c 14 44 0.108239 
c 14 56 0.142461 
c 14 238 0.0626855 
c 14 239 0.0715368 
c 15 16 0.0392068 
c 15 29 0.0715368 
c 15 30 0.0648846 
c 15 31 0.078836 
c 15 239 0.0648847 
c 16 17 0.0392068 
c 16 19 0.116114 
c 16 20 0.153073 
c 16 30 0.0788359 
c 16 31 0.0720961 
c 16 32 0.0839951 
c 16 44 0.146277 
c 16 46 0.141421 
c 16 50 0.208402 
c 16 56 0.210845 
c 16 228 0.141421 
c 16 229 0.150894 
c 16 239 0.0788359 
c 16 241 0.169202 
c 17 18 0.0392068 
c 17 19 0.078036 
c 17 31 0.0839951 
c 17 32 0.0765367 
c 17 33 0.0866591 
c 17 34 0.109305 
c 17 46 0.150894 
c 17 47 0.150132 
c 17 49 0.169202 
c 17 50 0.186318 
c 17 229 0.150132 
c 17 239 0.105146 
c 17 240 0.0866589 
c 17 241 0.137842 
c 18 19 0.0392068 
c 18 32 0.0866592 
c 18 33 0.0780363 
c 18 34 0.0866592 
c 18 240 0.0780358 
c 19 20 0.0392068 
c 19 33 0.0866591 
c 19 34 0.0765367 
c 19 35 0.0839951 
c 19 49 0.150132 
c 19 50 0.150894 
c 19 240 0.0866589 
c 19 241 0.0839948 
c 20 21 0.0392068 
c 20 22 0.0780362 
c 20 34 0.0839951 
c 20 35 0.0720961 
c 20 36 0.0788359 
c 20 50 0.141421 
c 20 52 0.146277 
c 20 70 0.210845 
c 20 241 0.0720957 
c 21 22 0.039207 
c 21 35 0.078836 
c 21 36 0.0648846 
c 21 37 0.0715368 
c 21 241 0.0788358 
c 21 242 0.0715368 
c 22 23 0.0392068 
c 22 24 0.0780361 
c 22 25 0.116114 
c 22 36 0.0715368 
c 22 37 0.0551798 
c 22 38 0.0626856 
c 22 40 0.119676 
c 22 52 0.108239 
c 22 55 0.129286 
c 22 70 0.142461 
c 22 234 0.108239 
c 22 241 0.100339 
c 22 242 0.0551799 
c 23 24 0.0392069 
c 23 37 0.0626855 
c 23 38 0.0433546 
c 23 39 0.0532154 
c 23 242 0.0626856 
c 24 25 0.0392068 
c 24 38 0.0532154 
c 24 39 0.029863 
c 24 40 0.0446296 
c 25 38 0.0821563 
c 25 39 0.0446297 
c 25 40 0.0152241 
c 25 55 0.0298631 
c 25 146 0.0392069 
c 26 27 0.0392067 
c 26 28 0.078036 
c 26 41 0.0152241 
c 26 42 0.0446296 
c 26 44 0.119676 
c 26 177 0.0392069 
c 27 28 0.0392069 
c 27 41 0.0446297 
c 27 42 0.029863 
c 27 43 0.0532154 
c 28 29 0.0392069 
c 28 41 0.0821563 
c 28 42 0.0532153 
c 28 43 0.0433543 
c 28 44 0.0626853 
c 29 30 0.039207 
c 29 43 0.0626855 
c 29 44 0.0551798 
c 29 45 0.0715368 
c 30 31 0.0392069 
c 30 44 0.0715368 
c 30 45 0.0648846 
c 30 46 0.0788359 
c 31 32 0.0392068 
c 31 45 0.0788358 
c 31 46 0.0720959 
c 31 47 0.0839949 
c 32 33 0.0392068 
c 32 34 0.078036 
c 32 47 0.0765367 
c 32 48 0.0866592 
c 32 49 0.109305 
c 33 34 0.0392068 
c 33 47 0.0866591 
c 33 48 0.0780363 
c 33 49 0.0866591 
c 34 35 0.0392068 
c 34 48 0.0866592 
c 34 49 0.0765367 
c 35 36 0.0392069 
c 35 49 0.0839949 
c 35 50 0.0720959 
c 35 51 0.0788358 
c 36 37 0.039207 
c 36 50 0.0788359 
c 36 51 0.0648846 
c 36 52 0.0715368 
c 37 38 0.0392069 
c 37 51 0.0715368 
c 37 52 0.0551798 
c 37 53 0.0626855 
c 38 39 0.0392069 
c 38 40 0.078036 
c 38 52 0.0626853 
c 38 53 0.0433543 
c 38 54 0.0532153 
c 38 55 0.0821563 
c 39 40 0.0392067 
c 39 53 0.0532154 
c 39 54 0.029863 
c 39 55 0.0446297 
c 40 52 0.119676 
c 40 54 0.0446296 
c 40 55 0.0152241 
c 40 146 0.0392069 
c 41 42 0.0392068 
c 41 44 0.116114 
c 41 56 0.0152241 
c 41 57 0.0446297 
c 41 177 0.0392069 
c 42 43 0.0392069 
c 42 44 0.0780361 
c 42 56 0.0446298 
c 42 57 0.0298632 
c 42 58 0.0532155 
c 43 44 0.0392068 
c 43 57 0.0532155 
c 43 58 0.0433546 
c 43 59 0.0626856 
c 44 45 0.039207 
c 44 46 0.0780362 
c 44 56 0.119677 
c 44 58 0.0626855 
c 44 59 0.0551799 
c 44 60 0.0715369 
c 44 74 0.108239 
c 45 46 0.0392068 
c 45 59 0.0715368 
c 45 60 0.0648847 
c 45 61 0.078836 
c 46 47 0.0392068 
c 46 49 0.116114 
c 46 50 0.153073 
c 46 56 0.191447 
c 46 60 0.0788359 
c 46 61 0.0720959 
c 46 62 0.083995 
c 46 74 0.146277 
c 46 76 0.141421 
c 46 77 0.150894 
c 46 79 0.186318 
c 46 106 0.261312 
c 46 120 0.294124 
c 46 121 0.307271 
c 46 239 0.19868 
c 46 241 0.256094 
c 47 48 0.0392068 
c 47 49 0.078036 
c 47 61 0.083995 
c 47 62 0.0765366 
c 47 63 0.0866591 
c 47 64 0.109305 
c 47 77 0.150132 
c 47 79 0.169202 
c 48 49 0.0392068 
c 48 62 0.086659 
c 48 63 0.078036 
c 48 64 0.086659 
c 49 50 0.0392068 
c 49 63 0.0866591 
c 49 64 0.0765366 
c 49 65 0.083995 
c 49 79 0.150132 
c 50 51 0.0392068 
c 50 52 0.0780362 
c 50 64 0.083995 
c 50 65 0.0720959 
c 50 66 0.0788359 
c 50 70 0.191447 
c 50 79 0.150894 
c 50 80 0.141421 
c 50 82 0.146277 
c 50 106 0.302846 
c 50 110 0.261312 
c 50 121 0.343288 
c 50 125 0.307271 
c 50 126 0.294124 
c 50 241 0.205312 
c 51 52 0.039207 
c 51 65 0.078836 
c 51 66 0.0648847 
c 51 67 0.0715368 
c 52 53 0.0392068 
c 52 54 0.0780361 
c 52 55 0.116114 
c 52 66 0.0715369 
c 52 67 0.0551799 
c 52 68 0.0626855 
c 52 70 0.119677 
c 52 82 0.108239 
c 53 54 0.0392069 
c 53 67 0.0626856 
c 53 68 0.0433546 
c 53 69 0.0532155 
c 54 55 0.0392068 
c 54 68 0.0532155 
c 54 69 0.0298632 
c 54 70 0.0446298 
c 55 69 0.0446297 
c 55 70 0.0152241 
c 55 146 0.0392069 
c 56 57 0.0392068 
c 56 58 0.0780361 
c 56 71 0.0152241 
c 56 72 0.0446298 
c 56 74 0.119677 
c 56 77 0.224834 
c 56 104 0.142461 
c 56 106 0.210845 
c 56 116 0.0551798 
c 56 120 0.19081 
c 56 177 0.0392068 
c 56 239 0.19081 
c 57 58 0.0392069 
c 57 71 0.0446297 
c 57 72 0.0298632 
c 57 73 0.0532155 
c 58 59 0.0392069 
c 58 72 0.0532155 
c 58 73 0.0433546 
c 58 74 0.0626855 
c 59 60 0.0392069 
c 59 73 0.0626856 
c 59 74 0.0551799 
c 59 75 0.0715368 
c 60 61 0.0392069 
c 60 62 0.0780361 
c 60 74 0.0715369 
c 60 75 0.0648847 
c 60 76 0.078836 
c 61 62 0.0392068 
c 61 75 0.078836 
c 61 76 0.0720961 
c 61 77 0.083995 
c 62 63 0.0392068 
c 62 64 0.078036 
c 62 76 0.0839951 
c 62 77 0.0765366 
c 62 78 0.0866592 
c 63 64 0.0392068 
c 63 77 0.0866591 
c 63 78 0.0780363 
c 63 79 0.0866591 
c 64 65 0.0392068 
c 64 66 0.0780361 
c 64 77 0.109305 
c 64 78 0.0866592 
c 64 79 0.0765366 
c 64 80 0.0839951 
c 65 66 0.0392069 
c 65 79 0.083995 
c 65 80 0.0720961 
c 65 81 0.078836 
c 66 67 0.0392069 
c 66 80 0.078836 
c 66 81 0.0648847 
c 66 82 0.0715369 
c 67 68 0.0392069 
c 67 81 0.0715368 
c 67 82 0.0551799 
c 67 83 0.0626856 
c 68 69 0.0392069 
c 68 70 0.0780361 
c 68 82 0.0626855 
c 68 83 0.0433546 
c 68 84 0.0532155 
c 69 70 0.0392068 
c 69 83 0.0532155 
c 69 84 0.0298632 
c 69 85 0.0446297 
c 70 79 0.224834 
c 70 82 0.119677 
c 70 84 0.0446298 
c 70 85 0.0152241 
c 70 110 0.210845 
c 70 112 0.142461 
c 70 126 0.19081 
c 70 130 0.0551798 
c 70 146 0.0392068 
c 70 241 0.223548 
c 71 72 0.0392068 
c 71 74 0.116114 
c 71 86 0.0152241 
c 71 87 0.0446297 
c 71 88 0.0821563 
c 71 101 0.0298631 
c 71 104 0.129286 
c 71 116 0.0433545 
c 71 177 0.0392069 
c 72 73 0.0392069 
c 72 74 0.0780361 
c 72 86 0.0446296 
c 72 87 0.029863 
c 72 88 0.0532154 
c 73 74 0.0392068 
c 73 87 0.0532154 
c 73 88 0.0433546 
c 73 89 0.0626855 
c 74 75 0.039207 
c 74 76 0.0780363 
c 74 77 0.116114 
c 74 86 0.119676 
c 74 88 0.0626856 
c 74 89 0.0551798 
c 74 90 0.0715368 
c 74 91 0.100339 
c 74 104 0.108239 
c 74 106 0.146277 
c 75 76 0.0392068 
c 75 89 0.0715368 
c 75 90 0.0648846 
c 75 91 0.078836 
c 76 77 0.0392068 
c 76 90 0.0788358 
c 76 91 0.072096 
c 76 92 0.0839949 
c 76 106 0.141421 
c 77 78 0.0392068 
c 77 79 0.078036 
c 77 91 0.0839951 
c 77 92 0.0765367 
c 77 93 0.0866591 
c 77 106 0.150894 
c 77 107 0.150132 
c 78 79 0.0392068 
c 78 92 0.086659 
c 78 93 0.078036 
c 78 94 0.086659 
c 79 80 0.0392068 
c 79 82 0.116114 
c 79 92 0.109305 
c 79 93 0.0866591 
c 79 94 0.0765367 
c 79 95 0.0839951 
c 79 106 0.186318 
c 79 107 0.169202 
c 79 109 0.150132 
c 79 110 0.150894 
c 80 81 0.0392068 
c 80 82 0.0780363 
c 80 94 0.0839949 
c 80 95 0.072096 
c 80 96 0.0788358 
c 80 110 0.141421 
c 81 82 0.039207 
c 81 95 0.078836 
c 81 96 0.0648846 
c 81 97 0.0715368 
c 82 83 0.0392068 
c 82 84 0.0780361 
c 82 85 0.116114 
c 82 95 0.100339 
c 82 96 0.0715368 
c 82 97 0.0551798 
c 82 98 0.0626856 
c 82 100 0.119676 
c 82 110 0.146277 
c 82 112 0.108239 
c 83 84 0.0392069 
c 83 97 0.0626855 
c 83 98 0.0433546 
c 83 99 0.0532154 
c 84 85 0.0392068 
c 84 98 0.0532154 
c 84 99 0.029863 
c 84 100 0.0446296 
c 85 98 0.0821563 
c 85 99 0.0446297 
c 85 100 0.0152241 
c 85 112 0.129286 
c 85 115 0.0298631 
c 85 130 0.0433545 
c 85 146 0.0392069 
c 86 87 0.0392067 
c 86 88 0.078036 
c 86 101 0.0152241 
c 86 102 0.0446296 
c 86 104 0.119676 
c 86 177 0.0392069 
c 87 88 0.0392069 
c 87 101 0.0446297 
c 87 102 0.029863 
c 87 103 0.0532155 
c 88 89 0.0392069 
c 88 101 0.0821563 
c 88 102 0.0532153 
c 88 103 0.0433545 
c 88 104 0.0626853 
c 89 90 0.039207 
c 89 104 0.0551798 
c 89 105 0.0715369 
c 90 91 0.0392069 
c 90 104 0.0715368 
c 90 105 0.0648848 
c 90 106 0.0788359 
c 91 92 0.0392068 
c 91 105 0.0788359 
c 91 106 0.0720959 
c 91 107 0.0839949 
c 92 93 0.0392068 
c 92 94 0.078036 
c 92 107 0.0765367 
c 92 108 0.0866592 
c 93 94 0.0392068 
c 93 107 0.0866591 
c 93 108 0.0780363 
c 93 109 0.0866591 
c 94 95 0.0392068 
c 94 107 0.109305 
c 94 108 0.0866592 
c 94 109 0.0765367 
c 95 96 0.0392069 
c 95 109 0.0839949 
c 95 110 0.0720959 
c 95 111 0.0788359 
c 96 97 0.039207 
c 96 110 0.0788359 
c 96 111 0.0648848 
c 96 112 0.0715368 
c 97 98 0.0392069 
c 97 111 0.0715369 
c 97 112 0.0551798 
c 98 99 0.0392069 
c 98 100 0.078036 
c 98 112 0.0626853 
c 98 113 0.0433545 
c 98 114 0.0532153 
c 98 115 0.0821563 
c 99 100 0.0392067 
c 99 113 0.0532155 
c 99 114 0.029863 
c 99 115 0.0446297 
c 100 112 0.119676 
c 100 114 0.0446296 
c 100 115 0.0152241 
c 100 146 0.0392069 
c 101 102 0.0392068 
c 101 103 0.078036 
c 101 104 0.116114 
c 101 116 0.0152241 
c 101 117 0.0446297 
c 101 177 0.0392069 
c 102 103 0.0392069 
c 102 116 0.0446298 
c 102 117 0.0298632 
c 102 118 0.0532155 
c 103 104 0.0392068 
c 103 116 0.0821563 
c 103 117 0.0532154 
c 103 118 0.0433544 
c 103 119 0.0626855 
c 104 105 0.039207 
c 104 106 0.0780362 
c 104 116 0.119677 
c 104 118 0.0626855 
c 104 119 0.0551799 
c 104 120 0.0715368 
c 105 106 0.0392068 
c 105 119 0.0715367 
c 105 120 0.0648845 
c 105 121 0.0788358 
c 106 107 0.0392068 
c 106 109 0.116114 
c 106 110 0.153073 
c 106 116 0.191447 
c 106 120 0.0788359 
c 106 121 0.0720959 
c 106 122 0.083995 
c 107 108 0.0392068 
c 107 109 0.078036 
c 107 121 0.083995 
c 107 122 0.0765366 
c 107 123 0.0866591 
c 108 109 0.0392068 
c 108 122 0.086659 
c 108 123 0.078036 
c 108 124 0.086659 
c 109 110 0.0392068 
c 109 121 0.137842 
c 109 122 0.109305 
c 109 123 0.0866591 
c 109 124 0.0765366 
c 109 125 0.083995 
c 110 111 0.0392068 
c 110 112 0.0780362 
c 110 121 0.169202 
c 110 124 0.083995 
c 110 125 0.0720959 
c 110 126 0.0788359 
c 110 130 0.191447 
c 111 112 0.039207 
c 111 125 0.0788358 
c 111 126 0.0648845 
c 111 127 0.0715367 
c 112 113 0.0392068 
c 112 115 0.116114 
c 112 126 0.0715368 
c 112 127 0.0551799 
c 112 128 0.0626855 
c 112 130 0.119677 
c 113 114 0.0392069 
c 113 115 0.078036 
c 113 127 0.0626855 
c 113 128 0.0433544 
c 113 129 0.0532154 
c 113 130 0.0821563 
c 114 115 0.0392068 
c 114 128 0.0532155 
c 114 129 0.0298632 
c 114 130 0.0446298 
c 115 129 0.0446297 
c 115 130 0.0152241 
c 115 146 0.0392069 
c 116 117 0.0392068 
c 116 118 0.0780361 
c 116 120 0.153073 
c 116 131 0.0152241 
c 116 132 0.0446298 
c 116 134 0.119677 
c 116 167 0.210845 
c 116 177 0.0392068 
c 116 178 0.0551798 
c 117 118 0.0392069 
c 117 131 0.0446297 
c 117 132 0.0298632 
c 117 133 0.0532155 
c 118 119 0.0392069 
c 118 120 0.0780362 
c 118 132 0.0532155 
c 118 133 0.0433546 
c 118 134 0.0626855 
c 119 120 0.0392068 
c 119 133 0.0626856 
c 119 134 0.0551799 
c 119 135 0.0715368 
c 120 121 0.0392069 
c 120 134 0.0715368 
c 120 135 0.0648847 
c 120 136 0.078836 
c 120 167 0.19868 
c 120 178 0.19081 
c 120 182 0.235175 
c 120 239 0.332588 
c 121 122 0.0392068 
c 121 125 0.153073 
c 121 135 0.0788359 
c 121 136 0.0720961 
c 121 137 0.0839951 
c 121 138 0.108239 
c 121 154 0.166546 
c 121 167 0.205312 
c 121 182 0.250981 
c 121 183 0.261312 
c 121 239 0.352768 
c 121 241 0.4 
c 122 123 0.0392068 
c 122 124 0.078036 
c 122 125 0.116114 
c 122 136 0.0839951 
c 122 137 0.0765368 
c 122 138 0.0866592 
c 123 124 0.0392068 
c 123 137 0.0866592 
c 123 138 0.0780363 
c 123 139 0.0866592 
c 124 125 0.0392068 
c 124 138 0.0866592 
c 124 139 0.0765368 
c 124 140 0.0839951 
c 125 126 0.0392069 
c 125 138 0.108239 
c 125 139 0.0839951 
c 125 140 0.0720961 
c 125 141 0.0788359 
c 125 154 0.166546 
c 125 167 0.256094 
c 125 171 0.205312 
c 125 183 0.302846 
c 125 187 0.261312 
c 125 241 0.369552 
c 126 127 0.0392068 
c 126 128 0.0780362 
c 126 130 0.153073 
c 126 140 0.078836 
c 126 141 0.0648847 
c 126 142 0.0715368 
c 126 171 0.19868 
c 126 187 0.250981 
c 126 188 0.235175 
c 126 241 0.352768 
c 127 128 0.0392069 
c 127 141 0.0715368 
c 127 142 0.0551799 
c 127 143 0.0626856 
c 128 129 0.0392069 
c 128 130 0.0780361 
c 128 142 0.0626855 
c 128 143 0.0433546 
c 128 144 0.0532155 
c 129 130 0.0392068 
c 129 143 0.0532155 
c 129 144 0.0298632 
c 129 145 0.0446297 
c 130 142 0.119677 
c 130 144 0.0446298 
c 130 145 0.0152241 
c 130 146 0.0392068 
c 130 171 0.210845 
c 130 188 0.19081 
c 130 192 0.0551798 
c 131 132 0.0392068 
c 131 134 0.116114 
c 131 147 0.0152241 
c 131 148 0.0446297 
c 131 149 0.0821563 
c 131 162 0.0298631 
c 131 177 0.0392069 
c 131 178 0.0433545 
c 132 133 0.0392069 
c 132 134 0.0780361 
c 132 147 0.0446296 
c 132 148 0.029863 
c 132 149 0.0532154 
c 133 134 0.0392068 
c 133 148 0.0532154 
c 133 149 0.0433546 
c 133 150 0.0626855 
c 134 135 0.039207 
c 134 136 0.0780363 
c 134 147 0.119676 
c 134 149 0.0626856 
c 134 150 0.0551798 
c 134 151 0.0715368 
c 134 152 0.100339 
c 134 162 0.129286 
c 134 165 0.108239 
c 134 167 0.146277 
c 134 178 0.142461 
c 135 136 0.0392068 
c 135 150 0.0715368 
c 135 151 0.0648846 
c 135 152 0.078836 
c 136 137 0.0392068 
c 136 138 0.078036 
c 136 151 0.0788358 
c 136 152 0.072096 
c 136 153 0.0839949 
c 136 154 0.108239 
c 136 167 0.141421 
c 137 138 0.0392068 
c 137 152 0.083995 
c 137 153 0.0765365 
c 137 154 0.0866591 
c 138 139 0.0392068 
c 138 140 0.078036 
c 138 153 0.086659 
c 138 154 0.0780361 
c 138 155 0.086659 
c 139 140 0.0392068 
c 139 154 0.0866591 
c 139 155 0.0765365 
c 139 156 0.083995 
c 140 141 0.0392068 
c 140 142 0.0780363 
c 140 154 0.108239 
c 140 155 0.0839949 
c 140 156 0.072096 
c 140 157 0.0788358 
c 140 171 0.141421 
c 141 142 0.039207 
c 141 156 0.078836 
c 141 157 0.0648846 
c 141 158 0.0715368 
c 142 143 0.0392068 
c 142 144 0.0780361 
c 142 145 0.116114 
c 142 156 0.100339 
c 142 157 0.0715368 
c 142 158 0.0551798 
c 142 159 0.0626856 
c 142 161 0.119676 
c 142 171 0.146277 
c 142 173 0.108239 
c 142 176 0.129286 
c 142 192 0.142461 
c 143 144 0.0392069 
c 143 158 0.0626855 
c 143 159 0.0433546 
c 143 160 0.0532154 
c 144 145 0.0392068 
c 144 159 0.0532154 
c 144 160 0.029863 
c 144 161 0.0446296 
c 145 146 0.0392069 
c 145 159 0.0821563 
c 145 160 0.0446297 
c 145 161 0.0152241 
c 145 176 0.0298631 
c 145 192 0.0433545 
c 146 161 0.0392069 
c 146 176 0.0392069 
c 146 192 0.0392068 
c 146 207 0.0392069 
c 146 222 0.0392069 
c 146 237 0.0392069 
c 147 148 0.0392067 
c 147 149 0.078036 
c 147 162 0.0152241 
c 147 163 0.0446296 
c 147 165 0.119676 
c 147 177 0.0392069 
c 148 149 0.0392069 
c 148 162 0.0446297 
c 148 163 0.0298632 
c 148 164 0.0532155 
c 149 150 0.0392069 
c 149 162 0.0821563 
c 149 163 0.0532155 
c 149 164 0.0433545 
c 149 165 0.0626853 
c 150 151 0.039207 
c 150 165 0.0551798 
c 150 166 0.0715369 
c 151 152 0.0392069 
c 151 165 0.0715368 
c 151 166 0.0648848 
c 151 167 0.0788359 
c 152 153 0.0392068 
c 152 154 0.078036 
c 152 166 0.0788359 
c 152 167 0.0720959 
c 152 168 0.0839949 
c 153 154 0.0392068 
c 153 168 0.0765367 
c 153 169 0.0866592 
c 154 155 0.0392068 
c 154 156 0.078036 
c 154 167 0.108239 
c 154 168 0.086659 
c 154 169 0.0780361 
c 154 170 0.086659 
c 154 171 0.108239 
c 155 156 0.0392068 
c 155 169 0.0866592 
c 155 170 0.0765367 
c 156 157 0.0392069 
c 156 170 0.0839949 
c 156 171 0.0720959 
c 156 172 0.0788359 
c 157 158 0.039207 
c 157 171 0.0788359 
c 157 172 0.0648848 
c 157 173 0.0715368 
c 158 159 0.0392069 
c 158 172 0.0715369 
c 158 173 0.0551798 
c 159 160 0.0392069 
c 159 161 0.078036 
c 159 173 0.0626853 
c 159 174 0.0433545 
c 159 175 0.0532155 
c 159 176 0.0821563 
c 160 161 0.0392067 
c 160 174 0.0532155 
c 160 175 0.0298632 
c 160 176 0.0446297 
c 161 173 0.119676 
c 161 175 0.0446296 
c 161 176 0.0152241 
c 162 163 0.0392067 
c 162 164 0.078036 
c 162 165 0.116114 
c 162 177 0.0392069 
c 162 178 0.0152241 
c 162 179 0.0446297 
c 163 164 0.0392069 
c 163 178 0.0446296 
c 163 179 0.029863 
c 163 180 0.0532154 
c 164 165 0.0392068 
c 164 178 0.0821563 
c 164 179 0.0532154 
c 164 180 0.0433544 
c 164 181 0.0626855 
c 165 166 0.039207 
c 165 167 0.0780362 
c 165 178 0.119677 
c 165 180 0.0626855 
c 165 181 0.0551799 
c 165 182 0.0715368 
c 166 167 0.0392068 
c 166 181 0.0715367 
c 166 182 0.0648845 
c 166 183 0.0788358 
c 167 168 0.0392068 
c 167 171 0.153073 
c 167 178 0.191447 
c 167 182 0.0788359 
c 167 183 0.0720959 
c 167 184 0.083995 
c 168 169 0.0392068 
c 168 170 0.078036 
c 168 171 0.116114 
c 168 183 0.083995 
c 168 184 0.0765366 
c 168 185 0.0866592 
c 169 170 0.0392068 
c 169 184 0.086659 
c 169 185 0.0780362 
c 169 186 0.086659 
c 170 171 0.0392068 
c 170 183 0.137842 
c 170 184 0.109305 
c 170 185 0.0866592 
c 170 186 0.0765366 
c 170 187 0.083995 
c 171 172 0.0392068 
c 171 173 0.0780362 
c 171 183 0.169202 
c 171 186 0.083995 
c 171 187 0.0720959 
c 171 188 0.0788359 
c 171 192 0.191447 
c 172 173 0.039207 
c 172 187 0.0788358 
c 172 188 0.0648845 
c 172 189 0.0715367 
c 173 174 0.0392068 
c 173 176 0.116114 
c 173 188 0.0715368 
c 173 189 0.0551799 
c 173 190 0.0626855 
c 173 192 0.119677 
c 174 175 0.0392069 
c 174 176 0.078036 
c 174 189 0.0626855 
c 174 190 0.0433544 
c 174 191 0.0532154 
c 174 192 0.0821563 
c 175 176 0.0392067 
c 175 190 0.0532154 
c 175 191 0.029863 
c 175 192 0.0446296 
c 176 191 0.0446297 
c 176 192 0.0152241 
c 177 178 0.0392068 
c 177 193 0.0392069 
c 177 208 0.0392069 
c 177 223 0.0392069 
c 178 179 0.0392068 
c 178 180 0.0780361 
c 178 182 0.153073 
c 178 193 0.0152241 
c 178 194 0.0446298 
c 178 196 0.119677 
c 178 212 0.165022 
c 178 223 0.0433545 
c 178 239 0.19081 
c 179 180 0.0392069 
c 179 193 0.0446297 
c 179 194 0.0298632 
c 179 195 0.0532155 
c 180 181 0.0392069 
c 180 182 0.0780362 
c 180 194 0.0532155 
c 180 195 0.0433546 
c 180 196 0.0626855 
c 181 182 0.0392068 
c 181 195 0.0626856 
c 181 196 0.0551799 
c 181 197 0.0715368 
c 182 183 0.0392069 
c 182 196 0.0715368 
c 182 197 0.0648847 
c 182 198 0.078836 
c 182 212 0.127276 
c 182 214 0.158738 
c 182 228 0.19868 
c 182 239 0.235175 
c 183 184 0.0392068 
c 183 187 0.153073 
c 183 197 0.0788359 
c 183 198 0.0720961 
c 183 199 0.0839951 
c 183 200 0.108239 
c 183 212 0.139774 
c 183 214 0.150894 
c 183 216 0.186318 
c 183 228 0.205312 
c 183 239 0.250981 
c 183 241 0.302846 
c 184 185 0.0392068 
c 184 186 0.078036 
c 184 187 0.116114 
c 184 198 0.0839951 
c 184 199 0.0765368 
c 184 200 0.0866592 
c 185 186 0.0392068 
c 185 199 0.0866591 
c 185 200 0.0780361 
c 185 201 0.0866591 
c 186 187 0.0392068 
c 186 200 0.0866592 
c 186 201 0.0765368 
c 186 202 0.0839951 
c 187 188 0.0392069 
c 187 200 0.108239 
c 187 201 0.0839951 
c 187 202 0.0720961 
c 187 203 0.0788359 
c 187 216 0.150894 
c 187 218 0.139774 
c 187 232 0.205312 
c 187 241 0.261313 
c 188 189 0.0392068 
c 188 190 0.0780362 
c 188 192 0.153073 
c 188 202 0.078836 
c 188 203 0.0648847 
c 188 204 0.0715368 
c 188 216 0.158738 
c 188 218 0.127276 
c 188 232 0.19868 
c 188 241 0.250981 
c 189 190 0.0392069 
c 189 203 0.0715368 
c 189 204 0.0551799 
c 189 205 0.0626856 
c 190 191 0.0392069 
c 190 192 0.0780361 
c 190 204 0.0626855 
c 190 205 0.0433546 
c 190 206 0.0532155 
c 191 192 0.0392068 
c 191 205 0.0532155 
c 191 206 0.0298632 
c 191 207 0.0446297 
c 192 204 0.119677 
c 192 206 0.0446298 
c 192 207 0.0152241 
c 192 218 0.165022 
c 192 237 0.0433545 
c 193 194 0.0392068 
c 193 196 0.116114 
c 193 208 0.0152241 
c 193 209 0.0446297 
c 193 210 0.0821563 
c 193 212 0.156267 
c 193 223 0.0298631 
c 193 226 0.129286 
c 194 195 0.0392069 
c 194 196 0.0780361 
c 194 208 0.0446296 
c 194 209 0.029863 
c 194 210 0.0532154 
c 195 196 0.0392068 
c 195 209 0.0532154 
c 195 210 0.0433546 
c 195 211 0.0626855 
c 196 197 0.039207 
c 196 198 0.0780363 
c 196 208 0.119676 
c 196 210 0.0626856 
c 196 211 0.0551798 
c 196 212 0.0715368 
c 196 226 0.108239 
c 197 198 0.0392068 
c 197 211 0.0715368 
c 197 212 0.0648848 
c 197 213 0.078836 
c 198 199 0.0392068 
c 198 212 0.0788359 
c 198 213 0.072096 
c 198 214 0.083995 
c 199 200 0.0392068 
c 199 213 0.083995 
c 199 214 0.0765366 
c 199 215 0.0866591 
c 200 201 0.0392068 
c 200 214 0.0866591 
c 200 215 0.0780361 
c 200 216 0.0866591 
c 201 202 0.0392068 
c 201 215 0.0866591 
c 201 216 0.0765366 
c 201 217 0.083995 
c 202 203 0.0392068 
c 202 204 0.0780363 
c 202 216 0.083995 
c 202 217 0.072096 
c 202 218 0.0788359 
c 203 204 0.039207 
c 203 217 0.078836 
c 203 218 0.0648848 
c 203 219 0.0715368 
c 204 205 0.0392068 
c 204 206 0.0780361 
c 204 207 0.116114 
c 204 218 0.0715368 
c 204 219 0.0551798 
c 204 220 0.0626856 
c 204 222 0.119676 
c 204 234 0.108239 
c 205 206 0.0392069 
c 205 219 0.0626855 
c 205 220 0.0433546 
c 205 221 0.0532154 
c 206 207 0.0392068 
c 206 220 0.0532154 
c 206 221 0.029863 
c 206 222 0.0446296 
c 207 218 0.156267 
c 207 220 0.0821563 
c 207 221 0.0446297 
c 207 222 0.0152241 
c 207 234 0.129286 
c 207 237 0.0298631 
c 208 209 0.0392067 
c 208 210 0.078036 
c 208 223 0.0152241 
c 208 224 0.0446298 
c 208 226 0.119676 
c 209 210 0.0392069 
c 209 223 0.0446297 
c 209 224 0.0298633 
c 209 225 0.0532155 
c 210 211 0.0392069 
c 210 212 0.0780362 
c 210 223 0.0821563 
c 210 224 0.0532154 
c 210 225 0.0433545 
c 210 226 0.0626853 
c 211 212 0.0392069 
c 211 226 0.0551798 
c 211 227 0.0715369 
c 212 213 0.0392069 
c 212 214 0.0780361 
c 212 223 0.156267 
c 212 226 0.0715366 
c 212 227 0.0648846 
c 212 228 0.0788358 
c 212 239 0.127276 
c 213 214 0.0392068 
c 213 227 0.0788359 
c 213 228 0.0720959 
c 213 229 0.0839949 
c 214 215 0.0392068 
c 214 216 0.078036 
c 214 228 0.0839949 
c 214 229 0.0765365 
c 214 230 0.0866591 
c 214 231 0.109304 
c 214 232 0.137842 
c 214 239 0.158738 
c 214 241 0.186318 
c 215 216 0.0392068 
c 215 229 0.086659 
c 215 230 0.0780361 
c 215 231 0.086659 
c 216 217 0.0392068 
c 216 218 0.0780361 
c 216 230 0.0866591 
c 216 231 0.0765365 
c 216 232 0.0839949 
c 216 241 0.150894 
c 217 218 0.0392069 
c 217 231 0.0839949 
c 217 232 0.0720959 
c 217 233 0.0788359 
c 218 219 0.0392069 
c 218 220 0.0780362 
c 218 232 0.0788358 
c 218 233 0.0648846 
c 218 234 0.0715366 
c 218 237 0.156267 
c 219 220 0.0392069 
c 219 233 0.0715369 
c 219 234 0.0551798 
c 220 221 0.0392069 
c 220 222 0.078036 
c 220 234 0.0626853 
c 220 235 0.0433545 
c 220 236 0.0532154 
c 220 237 0.0821563 
c 221 222 0.0392067 
c 221 235 0.0532155 
c 221 236 0.0298633 
c 221 237 0.0446297 
c 222 234 0.119676 
c 222 236 0.0446298 
c 222 237 0.0152241 
c 223 224 0.0392069 
c 223 225 0.078036 
c 223 226 0.116114 
c 224 225 0.0392068 
c 224 238 0.0532152 
c 225 226 0.0392068 
c 225 238 0.0433544 
c 226 227 0.039207 
c 226 228 0.0780362 
c 226 238 0.0626855 
c 226 239 0.0715368 
c 227 228 0.0392068 
c 227 239 0.0648845 
c 228 229 0.0392068 
c 228 232 0.153073 
c 228 239 0.0788359 
c 228 241 0.169202 
c 229 230 0.0392068 
c 229 231 0.078036 
c 229 232 0.116114 
c 229 239 0.105146 
c 229 240 0.0866592 
c 229 241 0.137842 
c 230 231 0.0392068 
c 230 240 0.0780362 
c 231 232 0.0392068 
c 231 240 0.0866592 
c 231 241 0.0839951 
c 232 233 0.0392068 
c 232 234 0.0780362 
c 232 241 0.0720961 
c 233 234 0.039207 
c 233 241 0.0788359 
c 233 242 0.0715367 
c 234 235 0.0392068 
c 234 237 0.116114 
c 234 241 0.100339 
c 234 242 0.0551799 
c 235 236 0.0392068 
c 235 237 0.078036 
c 235 242 0.0626855 
c 236 237 0.0392069 
c 238 239 0.0780362 
c 239 241 0.188559 
c 241 242 0.0780362 
v 1 2 12 238 1.46395e-06 
v 1 12 14 238 7.04058e-06 
v 1 14 56 16 4.13392e-05 
v 1 56 239 16 1.29292e-05 
v 1 178 116 177 1.9502e-06 
v 1 225 2 238 2.12531e-06 
v 1 226 225 238 6.29423e-06 
v 1 239 14 16 4.60499e-05 
v 2 12 11 1 3.76256e-12 
v 2 224 225 223 1.46395e-06 
v 3 226 239 238 2.70505e-06 
v 3 239 14 238 2.70505e-06 
v 4 15 239 16 1.4412e-10 
v 4 239 228 5 3.53436e-06 
v 5 4 239 16 3.53436e-06 
v 5 229 230 240 7.8679e-11 
v 5 239 229 17 2.69364e-05 
v 6 5 229 241 1.11116e-05 
v 6 229 231 241 1.11116e-05 
v 6 231 232 241 4.42599e-11 
v 6 240 5 19 3.75199e-06 
v 7 233 234 241 3.18082e-06 
v 7 242 22 241 2.70502e-06 
v 8 10 24 22 7.04058e-06 
v 8 23 242 22 4.12534e-11 
v 8 24 23 22 2.12532e-06 
v 8 234 235 10 6.29423e-06 
v 9 235 8 236 2.11973e-11 
v 9 237 236 10 7.75274e-13 
v 10 8 234 22 2.18215e-05 
v 10 9 8 24 1.46395e-06 
v 10 25 9 24 3.76256e-12 
v 10 55 70 146 2.98933e-07 
v 10 70 130 146 1.9502e-06 
v 10 130 192 146 1.9502e-06 
v 10 188 126 241 0.00102424 
v 10 192 237 146 2.98933e-07 
v 10 234 232 241 5.03387e-05 
v 11 12 14 1 2.21024e-06 
v 11 12 27 28 1.46394e-06 
v 11 14 41 1 2.30424e-06 
v 11 27 26 28 7.4631e-07 
v 11 41 26 177 5.68106e-08 
v 12 11 14 28 6.29426e-06 
v 12 27 26 11 3.19199e-12 
v 13 12 14 28 2.12533e-06 
v 13 27 12 28 8.40105e-12 
v 14 3 238 13 4.12534e-11 
v 14 29 28 44 4.83029e-06 
v 14 30 29 44 5.88574e-06 
v 14 41 26 11 8.0915e-07 
v 14 41 56 44 8.35174e-06 
v 14 239 15 16 3.18082e-06 
v 15 14 16 30 3.18083e-06 
v 15 16 31 30 4.23006e-11 
v 16 14 56 44 8.10898e-05 
v 16 17 50 19 1.93402e-05 
v 16 46 31 30 1.14632e-05 
v 16 50 20 19 3.79372e-05 
v 16 56 239 46 3.31366e-05 
v 16 228 229 241 2.54989e-05 
v 16 239 228 241 4.47258e-06 
v 17 4 5 16 6.82929e-11 
v 17 5 239 16 3.75193e-06 
v 17 5 240 19 3.75199e-06 
v 17 18 32 33 4.8773e-11 
v 17 34 49 19 2.91559e-05 
v 17 46 16 50 3.79372e-05 
v 17 239 229 16 4.95091e-06 
v 18 5 240 17 3.98389e-11 
v 18 240 6 19 3.98389e-11 
v 19 20 34 35 1.60522e-11 
v 19 34 49 35 1.40177e-05 
v 19 49 50 35 1.32044e-05 
v 19 50 20 35 1.24383e-05 
v 20 10 70 241 4.40638e-05 
v 20 22 10 241 5.03385e-05 
v 20 36 21 35 4.23006e-11 
v 21 22 20 241 3.53432e-06 
v 22 10 70 20 4.13392e-05 
v 22 21 7 241 3.18082e-06 
v 22 24 23 38 2.12533e-06 
v 22 36 21 20 3.18083e-06 
v 22 40 25 38 2.21022e-06 
v 22 52 40 38 2.18214e-05 
v 22 70 52 20 8.10898e-05 
v 22 242 234 241 1.26008e-05 
v 23 24 39 38 8.40105e-12 
v 24 9 8 23 3.37728e-12 
v 24 10 25 22 2.21024e-06 
v 24 25 39 38 1.46394e-06 
v 25 24 22 38 6.29426e-06 
v 25 39 40 24 3.19199e-12 
v 25 40 55 146 5.68106e-08 
v 25 55 10 146 1.61781e-07 
v 26 14 11 28 2.21022e-06 
v 26 41 27 42 3.19199e-12 
v 27 42 28 43 3.32516e-12 
v 28 26 14 44 2.18214e-05 
v 28 41 26 44 2.21023e-06 
v 28 42 41 44 6.29422e-06 
v 29 13 14 28 3.37647e-11 
v 30 14 16 44 1.98151e-05 
v 30 15 14 29 3.50135e-11 
v 30 16 46 44 2.58897e-05 
v 30 46 31 45 6.29336e-11 
v 31 17 16 32 1.60522e-11 
v 31 47 17 32 1.40177e-05 
v 32 17 33 34 3.75194e-06 
v 32 33 47 49 3.75194e-06 
v 32 47 17 49 2.91559e-05 
v 33 17 18 19 3.82555e-06 
v 33 32 34 49 3.75194e-06 
v 33 32 47 48 4.8773e-11 
v 34 17 33 19 3.75194e-06 
v 34 32 17 49 2.91559e-05 
v 34 33 18 19 4.8773e-11 
v 36 22 21 37 3.50135e-11 
v 36 52 22 37 5.88574e-06 
v 36 52 50 20 2.58897e-05 
v 37 22 23 38 3.37647e-11 
v 37 52 22 38 4.83029e-06 
v 37 53 52 38 2.11425e-11 
v 39 25 40 38 7.4631e-07 
v 39 40 55 38 7.46308e-07 
v 39 54 53 38 3.32516e-12 
v 40 25 55 22 8.0915e-07 
v 40 54 39 55 3.19199e-12 
v 41 11 1 177 1.61781e-07 
v 41 14 26 44 2.93277e-06 
v 41 14 56 1 4.25768e-06 
v 41 26 27 28 7.46308e-07 
v 41 57 56 42 3.76256e-12 
v 42 41 27 28 1.46394e-06 
v 42 44 43 58 2.12532e-06 
v 42 56 44 58 7.04058e-06 
v 42 57 56 58 1.46395e-06 
v 44 28 42 43 2.12531e-06 
v 44 29 28 43 2.11425e-11 
v 44 45 59 60 4.16876e-11 
v 44 59 58 74 4.83033e-06 
v 45 29 30 44 3.50135e-11 
v 45 30 46 44 3.18083e-06 
v 46 16 56 44 0.000105949 
v 46 17 16 31 1.24383e-05 
v 46 45 44 60 3.18082e-06 
v 46 47 17 31 1.32044e-05 
v 46 56 239 120 0.000879521 
v 46 60 62 61 3.53427e-06 
v 46 62 47 61 6.82929e-11 
v 46 79 50 49 4.02738e-05 
v 46 121 106 120 9.02731e-05 
v 46 239 121 120 0.000327196 
v 47 33 48 49 3.82555e-06 
v 47 46 17 49 2.05314e-05 
v 47 62 63 48 5.9259e-11 
v 47 62 77 64 2.91557e-05 
v 47 77 79 64 2.91557e-05 
v 48 33 34 49 4.8773e-11 
v 48 64 63 49 5.9259e-11 
v 49 50 17 19 2.05314e-05 
v 50 16 20 241 0.000144514 
v 50 17 46 49 4.02739e-05 
v 50 36 20 35 1.14632e-05 
v 50 46 16 241 0.000144514 
v 50 51 36 35 6.29336e-11 
v 50 52 70 20 0.000105949 
v 50 66 51 65 6.26206e-11 
v 50 79 80 64 1.32043e-05 
v 50 80 66 64 1.68331e-05 
v 50 121 46 241 0.00160947 
v 50 125 121 241 0.00160947 
v 50 126 125 241 0.00036356 
v 51 52 36 37 3.50135e-11 
v 51 67 66 52 4.16876e-11 
v 52 36 22 20 1.98151e-05 
v 52 51 36 50 3.18083e-06 
v 52 53 68 54 2.12532e-06 
v 52 55 40 38 2.21023e-06 
v 52 68 70 54 7.04058e-06 
v 52 70 82 50 6.77131e-05 
v 53 68 67 52 4.12534e-11 
v 54 52 53 38 2.12531e-06 
v 54 69 70 55 3.76256e-12 
v 55 10 70 22 4.25768e-06 
v 55 25 10 22 2.30424e-06 
v 55 52 40 22 2.93277e-06 
v 55 52 54 38 6.29422e-06 
v 55 54 39 38 1.46394e-06 
v 55 70 52 22 8.35174e-06 
v 56 1 239 120 0.000183932 
v 56 41 1 177 2.98933e-07 
v 56 41 42 44 2.21024e-06 
v 56 46 44 74 6.77131e-05 
v 56 58 72 74 7.04058e-06 
v 56 74 106 77 0.000181317 
v 56 106 46 77 0.000186649 
v 56 116 1 120 4.31566e-05 
v 56 116 71 177 2.98933e-07 
v 57 42 43 58 3.37728e-12 
v 58 56 44 74 2.18215e-05 
v 58 57 56 72 1.46395e-06 
v 58 59 73 74 4.12534e-11 
v 58 73 72 74 2.12532e-06 
v 59 43 44 58 4.12534e-11 
v 60 46 45 61 6.26206e-11 
v 60 46 62 76 1.68331e-05 
v 60 74 46 76 2.58897e-05 
v 60 75 74 76 3.18081e-06 
v 62 46 47 77 1.40176e-05 
v 62 47 63 64 3.75195e-06 
v 62 60 76 61 3.53428e-06 
v 62 76 77 61 4.96191e-11 
v 62 78 77 64 3.75192e-06 
v 63 47 48 49 3.82558e-06 
v 63 78 62 64 3.82547e-06 
v 64 47 63 49 3.75195e-06 
v 64 50 79 49 1.40176e-05 
v 64 79 80 65 4.96191e-11 
v 64 80 66 65 3.53428e-06 
v 65 50 64 49 6.82929e-11 
v 66 50 64 65 3.53427e-06 
v 66 51 52 50 3.18082e-06 
v 66 67 82 52 5.88578e-06 
v 66 80 81 65 4.80308e-11 
v 67 66 82 81 4.16876e-11 
v 68 70 82 52 2.18215e-05 
v 68 82 67 52 4.83033e-06 
v 69 68 53 54 3.37728e-12 
v 69 70 68 54 1.46395e-06 
v 69 84 83 68 3.37728e-12 
v 70 50 20 241 0.000112932 
v 70 52 54 55 2.21024e-06 
v 70 79 82 50 0.000158154 
v 70 82 84 68 7.04058e-06 
v 70 84 69 68 1.46395e-06 
v 70 110 79 50 0.000186649 
v 70 126 50 241 0.0010387 
v 70 130 126 10 4.31566e-05 
v 71 56 57 72 3.76256e-12 
v 71 86 104 74 2.93277e-06 
v 71 101 116 104 2.30424e-06 
v 72 71 56 74 2.21024e-06 
v 72 73 87 88 8.40105e-12 
v 73 57 58 72 3.37728e-12 
v 74 44 59 60 5.88578e-06 
v 74 46 44 60 1.98151e-05 
v 74 56 46 77 0.000158154 
v 74 89 90 75 3.50135e-11 
v 74 104 56 106 8.10898e-05 
v 75 74 59 60 4.16876e-11 
v 76 46 62 77 1.32043e-05 
v 76 60 75 61 4.80308e-11 
v 76 74 46 77 1.93402e-05 
v 76 91 106 77 1.24382e-05 
v 76 92 91 77 6.92303e-11 
v 76 106 74 77 1.93404e-05 
v 77 46 47 79 2.05314e-05 
v 77 78 79 64 3.75192e-06 
v 77 93 92 79 3.75194e-06 
v 77 106 46 79 0.000222613 
v 78 62 77 63 1.89518e-11 
v 78 63 79 64 1.89518e-11 
v 78 93 77 79 3.82548e-06 
v 79 46 47 49 2.05314e-05 
v 79 47 64 49 2.91557e-05 
v 79 78 93 94 2.13088e-11 
v 79 82 80 110 1.93404e-05 
v 79 92 107 94 2.91559e-05 
v 79 93 92 94 3.75194e-06 
v 79 106 46 50 0.000436671 
v 79 107 106 109 2.05314e-05 
v 79 110 106 50 0.000436671 
v 80 82 66 81 3.18081e-06 
v 81 80 82 96 3.18079e-06 
v 82 66 52 50 1.98151e-05 
v 82 79 80 50 1.93402e-05 
v 82 80 66 50 2.58897e-05 
v 82 81 96 97 3.50135e-11 
v 82 85 70 84 2.21024e-06 
v 82 95 80 110 2.15107e-05 
v 82 96 112 97 5.88574e-06 
v 82 98 100 85 2.21022e-06 
v 83 82 67 68 4.12534e-11 
v 83 84 82 68 2.12532e-06 
v 84 82 98 83 2.12533e-06 
v 84 85 70 69 3.76256e-12 
v 84 98 99 83 8.40105e-12 
v 85 82 98 84 6.29426e-06 
v 85 98 99 84 1.46394e-06 
v 85 100 115 146 5.68106e-08 
v 85 112 82 70 8.35174e-06 
v 85 115 130 146 1.61781e-07 
v 85 130 70 146 2.98933e-07 
v 86 71 72 87 3.19199e-12 
v 86 101 71 104 8.0915e-07 
v 87 71 72 88 1.46394e-06 
v 87 86 71 88 7.4631e-07 
v 87 101 86 88 7.46308e-07 
v 87 103 101 88 2.12531e-06 
v 88 71 72 74 6.29426e-06 
v 88 72 73 74 2.12533e-06 
v 88 86 71 74 2.21022e-06 
v 88 104 86 74 2.18214e-05 
v 89 88 73 74 3.37647e-11 
v 89 104 74 90 5.88574e-06 
v 90 74 75 76 3.18079e-06 
v 90 91 74 76 3.53431e-06 
v 91 90 75 76 7.52404e-13 
v 91 106 74 76 2.15107e-05 
v 91 106 105 90 1.6768e-11 
v 92 107 77 79 2.91559e-05 
v 92 107 93 108 4.8773e-11 
v 93 92 78 77 2.13088e-11 
v 93 107 94 109 3.75194e-06 
v 94 79 80 95 6.92303e-11 
v 94 93 109 108 4.8773e-11 
v 95 79 80 110 1.24382e-05 
v 95 80 81 96 7.52404e-13 
v 95 82 80 96 3.53431e-06 
v 95 94 79 109 1.40177e-05 
v 95 96 111 110 1.6768e-11 
v 96 82 112 110 1.98151e-05 
v 96 95 82 110 1.23078e-05 
v 96 111 112 97 4.04321e-12 
v 98 82 97 83 3.37647e-11 
v 98 112 82 100 2.18214e-05 
v 98 113 115 99 2.12531e-06 
v 98 115 112 100 2.21023e-06 
v 99 98 113 114 6.896e-12 
v 99 100 85 84 3.19199e-12 
v 99 113 115 114 1.46394e-06 
v 100 98 99 85 7.4631e-07 
v 100 112 82 85 2.93277e-06 
v 100 115 112 85 8.0915e-07 
v 101 71 116 177 1.61781e-07 
v 101 86 71 177 5.68106e-08 
v 101 86 102 87 3.19199e-12 
v 101 103 104 88 6.29422e-06 
v 101 117 116 102 3.76256e-12 
v 102 103 87 88 6.896e-12 
v 102 117 116 103 1.46395e-06 
v 102 118 117 103 2.11927e-13 
v 103 101 102 87 1.46394e-06 
v 103 116 101 104 2.21024e-06 
v 103 118 116 104 6.29423e-06 
v 103 119 118 104 3.23281e-11 
v 104 56 71 74 8.35174e-06 
v 104 86 101 88 2.21023e-06 
v 104 88 89 74 4.83029e-06 
v 104 89 105 90 4.04321e-12 
v 104 106 105 120 3.18078e-06 
v 104 116 56 106 4.13392e-05 
v 104 118 116 120 2.10203e-05 
v 104 119 118 120 2.70505e-06 
v 106 56 46 120 0.000206674 
v 106 74 104 90 1.98151e-05 
v 106 91 74 90 1.23078e-05 
v 106 91 107 77 1.32044e-05 
v 106 104 105 90 3.18076e-06 
v 106 104 116 120 4.60499e-05 
v 106 107 121 109 1.04668e-05 
v 106 116 56 120 1.29292e-05 
v 106 121 105 120 5.45611e-11 
v 106 121 110 109 2.05314e-05 
v 107 79 94 109 2.91559e-05 
v 107 91 92 77 1.40177e-05 
v 107 92 93 94 3.75194e-06 
v 107 106 77 79 2.05314e-05 
v 107 121 122 106 2.55862e-11 
v 107 123 109 108 3.82558e-06 
v 109 93 107 108 3.82555e-06 
v 109 123 124 108 5.9259e-11 
v 110 79 82 70 0.000181317 
v 110 79 106 109 4.02739e-05 
v 110 82 112 70 8.10898e-05 
v 110 95 79 109 1.32044e-05 
v 110 125 124 109 2.55862e-11 
v 110 126 125 50 9.02731e-05 
v 110 130 126 70 1.29292e-05 
v 111 96 112 110 3.18076e-06 
v 112 82 97 98 4.83029e-06 
v 112 115 130 85 2.30424e-06 
v 112 126 111 110 3.18078e-06 
v 112 126 128 127 2.70505e-06 
v 112 130 110 70 4.13392e-05 
v 112 130 113 128 6.29423e-06 
v 113 112 128 127 3.23281e-11 
v 113 115 112 98 6.29422e-06 
v 113 130 129 128 2.12531e-06 
v 114 113 129 128 2.11927e-13 
v 115 98 99 100 7.46308e-07 
v 115 99 114 100 3.19199e-12 
v 115 130 113 112 2.21024e-06 
v 115 130 129 114 3.76256e-12 
v 116 56 1 177 1.9502e-06 
v 116 56 71 104 4.25768e-06 
v 116 101 102 103 7.4631e-07 
v 116 118 117 132 1.46395e-06 
v 116 134 118 132 7.04058e-06 
v 116 167 178 120 1.29292e-05 
v 117 118 133 132 3.37728e-12 
v 118 116 117 103 2.12531e-06 
v 119 104 105 120 8.54863e-11 
v 119 134 118 120 2.70505e-06 
v 121 46 106 50 0.000399636 
v 121 106 110 50 0.000399636 
v 121 107 122 109 1.11116e-05 
v 121 122 125 109 2.17961e-05 
v 121 122 136 137 2.66697e-11 
v 121 125 110 109 2.05314e-05 
v 121 138 136 154 2.74642e-05 
v 121 167 136 120 3.26443e-05 
v 121 182 167 120 5.42852e-05 
v 122 123 107 108 5.9259e-11 
v 122 138 121 125 2.22232e-05 
v 123 122 107 109 3.75195e-06 
v 123 124 122 109 3.75195e-06 
v 124 122 138 123 3.82547e-06 
v 124 125 122 109 1.11116e-05 
v 124 138 139 123 3.87524e-11 
v 125 121 110 50 0.000399636 
v 125 122 138 124 1.13293e-05 
v 125 139 140 124 2.66697e-11 
v 125 183 121 241 0.00174208 
v 126 70 10 241 0.00024032 
v 126 110 70 50 0.000206674 
v 126 112 111 127 8.54863e-11 
v 126 125 111 110 5.45611e-11 
v 126 130 112 128 2.10203e-05 
v 126 140 142 141 3.1808e-06 
v 126 142 130 128 2.10203e-05 
v 126 187 125 241 0.000393515 
v 126 188 130 171 5.5104e-05 
v 128 126 142 127 2.70505e-06 
v 128 142 143 127 4.12534e-11 
v 129 130 145 144 3.76256e-12 
v 130 112 85 70 4.25768e-06 
v 130 113 129 114 1.46395e-06 
v 130 115 113 114 7.4631e-07 
v 130 126 112 110 4.60499e-05 
v 130 188 192 171 1.29292e-05 
v 130 192 142 171 4.13392e-05 
v 131 116 117 132 3.76256e-12 
v 131 134 116 132 2.21024e-06 
v 131 134 149 147 2.21022e-06 
v 132 131 149 148 1.46394e-06 
v 133 134 118 119 4.12534e-11 
v 133 134 149 132 2.12533e-06 
v 134 116 118 120 2.10203e-05 
v 134 131 116 178 4.25768e-06 
v 134 131 149 132 6.29426e-06 
v 134 133 118 132 2.12532e-06 
v 134 135 136 120 3.1808e-06 
v 134 150 133 149 3.37647e-11 
v 134 152 167 136 2.15107e-05 
v 134 165 151 150 5.88574e-06 
v 134 167 116 120 0.000136536 
v 134 167 165 178 8.10898e-05 
v 135 121 136 120 5.61827e-11 
v 135 134 119 120 9.63618e-11 
v 135 151 134 136 3.18079e-06 
v 135 152 151 136 7.52404e-13 
v 136 137 152 154 3.53425e-06 
v 136 138 137 154 3.82542e-06 
v 136 152 167 154 2.53735e-05 
v 137 136 152 153 1.91375e-11 
v 137 138 122 123 3.87524e-11 
v 138 121 136 137 3.53422e-06 
v 138 122 121 137 3.75194e-06 
v 138 139 125 124 3.75194e-06 
v 138 139 155 154 4.76894e-11 
v 138 140 154 125 2.74642e-05 
v 139 140 138 125 3.53422e-06 
v 139 155 156 140 1.91375e-11 
v 140 126 142 171 4.85997e-05 
v 140 139 138 154 3.82542e-06 
v 140 157 142 141 3.18079e-06 
v 140 171 154 125 7.22577e-05 
v 141 126 140 125 5.61827e-11 
v 142 126 130 171 0.000136536 
v 142 126 141 127 9.63618e-11 
v 142 143 144 128 2.12532e-06 
v 142 144 130 128 7.04058e-06 
v 142 156 140 171 2.15107e-05 
v 142 157 156 171 1.23078e-05 
v 142 173 157 171 1.98151e-05 
v 143 129 144 128 3.37728e-12 
v 143 144 160 159 8.40105e-12 
v 143 159 158 142 3.37647e-11 
v 144 129 130 128 1.46395e-06 
v 144 130 145 142 2.21024e-06 
v 144 145 160 159 1.46394e-06 
v 145 161 144 160 3.19199e-12 
v 145 176 161 142 8.0915e-07 
v 145 192 130 146 2.98933e-07 
v 147 131 132 148 3.19199e-12 
v 147 131 134 162 8.0915e-07 
v 147 134 165 162 2.93277e-06 
v 147 149 148 163 1.46394e-06 
v 148 149 164 163 7.94282e-12 
v 149 131 147 148 7.4631e-07 
v 149 133 132 148 8.40105e-12 
v 149 134 165 147 2.18214e-05 
v 149 165 164 162 6.29422e-06 
v 150 134 165 149 4.83029e-06 
v 151 135 134 150 3.50135e-11 
v 151 152 134 136 3.53431e-06 
v 151 165 166 150 4.04321e-12 
v 152 137 153 154 3.75197e-06 
v 152 167 151 134 1.23078e-05 
v 152 168 167 154 3.53425e-06 
v 153 137 138 154 4.76894e-11 
v 154 121 138 125 8.46552e-05 
v 154 167 121 125 0.000222726 
v 155 139 156 154 3.75197e-06 
v 155 170 169 154 1.04076e-10 
v 156 139 140 154 3.53425e-06 
v 156 157 140 141 7.52404e-13 
v 156 171 170 154 3.53425e-06 
v 157 156 140 142 3.53431e-06 
v 157 158 142 141 3.50135e-11 
v 157 173 172 171 3.18076e-06 
v 158 173 157 142 5.88574e-06 
v 159 143 144 142 2.12533e-06 
v 159 144 145 142 6.29426e-06 
v 159 145 161 142 2.21022e-06 
v 159 161 176 173 2.21023e-06 
v 159 173 158 142 4.83029e-06 
v 159 176 174 173 6.29422e-06 
v 160 145 161 159 7.4631e-07 
v 160 161 175 159 1.46394e-06 
v 161 175 176 160 1.66921e-14 
v 162 131 134 178 2.30424e-06 
v 162 134 165 178 8.35174e-06 
v 162 147 131 177 5.68106e-08 
v 162 147 148 163 1.66921e-14 
v 162 149 147 163 7.46308e-07 
v 162 163 179 178 4.88928e-12 
v 162 164 163 178 7.46307e-07 
v 162 165 164 178 2.21024e-06 
v 163 180 179 178 1.46394e-06 
v 164 149 162 163 2.1253e-06 
v 164 180 163 178 2.12531e-06 
v 165 149 147 162 2.21023e-06 
v 165 166 167 151 3.18076e-06 
v 165 181 180 182 2.70505e-06 
v 166 165 167 182 3.18078e-06 
v 166 181 165 182 8.54863e-11 
v 167 121 136 154 7.22577e-05 
v 167 134 116 178 4.13392e-05 
v 167 134 136 120 4.85997e-05 
v 167 165 151 134 1.98151e-05 
v 167 166 152 151 1.6768e-11 
v 167 166 182 183 5.45611e-11 
v 167 168 171 154 2.2223e-05 
v 167 182 178 120 5.5104e-05 
v 168 152 153 154 3.75193e-06 
v 168 167 171 183 2.05314e-05 
v 168 169 170 154 3.82554e-06 
v 168 185 169 184 7.8679e-11 
v 169 168 153 154 1.04076e-10 
v 169 185 170 186 7.8679e-11 
v 170 155 156 154 3.75193e-06 
v 170 171 168 154 1.13292e-05 
v 170 185 168 184 3.75191e-06 
v 170 187 186 184 1.11116e-05 
v 171 126 188 187 5.42852e-05 
v 171 140 126 125 3.26443e-05 
v 171 156 140 154 2.53735e-05 
v 171 167 154 125 0.000222726 
v 171 170 168 183 1.04668e-05 
v 171 187 170 183 2.05314e-05 
v 171 188 172 187 5.45611e-11 
v 172 156 157 171 1.6768e-11 
v 173 158 157 172 4.04321e-12 
v 173 159 161 142 2.18214e-05 
v 173 161 176 142 2.93277e-06 
v 173 176 192 142 8.35174e-06 
v 173 188 172 171 3.18078e-06 
v 173 192 188 171 4.60499e-05 
v 174 192 190 173 6.29423e-06 
v 175 160 159 174 7.94282e-12 
v 175 161 176 159 7.46308e-07 
v 175 190 191 174 4.99876e-12 
v 175 191 192 176 4.88928e-12 
v 176 145 161 146 5.68106e-08 
v 176 175 159 174 2.1253e-06 
v 176 192 145 146 1.61781e-07 
v 176 192 174 173 2.21024e-06 
v 178 1 116 120 4.31566e-05 
v 178 131 116 177 2.98933e-07 
v 178 162 131 177 1.61781e-07 
v 178 182 239 120 0.000783916 
v 178 212 223 1 6.61518e-06 
v 178 223 193 177 1.61781e-07 
v 178 239 1 120 0.000183932 
v 180 164 163 179 4.99876e-12 
v 180 164 165 178 6.29423e-06 
v 180 165 182 178 2.10203e-05 
v 180 181 195 196 4.12534e-11 
v 180 182 196 178 2.10203e-05 
v 180 194 179 178 1.46395e-06 
v 181 164 165 180 3.23281e-11 
v 182 121 167 183 6.03185e-05 
v 182 165 167 178 4.60499e-05 
v 182 181 180 196 2.70505e-06 
v 182 212 196 178 5.35628e-05 
v 182 239 121 183 0.000354154 
v 182 239 228 212 6.60112e-05 
v 183 121 167 125 0.000267029 
v 183 167 171 125 0.000267029 
v 183 168 167 184 2.55862e-11 
v 183 170 168 184 1.11116e-05 
v 183 171 187 125 0.000267029 
v 183 187 170 184 2.17961e-05 
v 183 198 199 184 2.66697e-11 
v 183 199 200 184 3.75194e-06 
v 183 200 187 184 2.22232e-05 
v 183 214 239 241 0.000535679 
v 183 239 121 241 0.00204847 
v 185 169 170 168 3.82558e-06 
v 186 185 170 184 3.75191e-06 
v 186 187 200 184 1.13293e-05 
v 186 200 185 184 3.8255e-06 
v 187 126 188 241 0.000354154 
v 187 171 126 125 6.03185e-05 
v 187 171 170 186 2.55862e-11 
v 187 183 125 241 0.00174208 
v 187 200 201 186 3.75194e-06 
v 187 201 202 186 2.66697e-11 
v 187 216 183 241 0.000436671 
v 187 232 216 241 6.54495e-05 
v 188 126 130 10 0.000183932 
v 188 130 192 10 4.31566e-05 
v 188 173 172 189 8.54863e-11 
v 188 190 173 189 2.70505e-06 
v 188 202 218 204 1.10614e-05 
v 188 203 204 189 9.63618e-11 
v 188 216 218 187 5.87722e-06 
v 188 218 192 204 5.35628e-05 
v 188 218 232 10 0.000143191 
v 188 232 187 241 6.03187e-05 
v 190 174 173 189 3.23281e-11 
v 190 188 204 189 2.70505e-06 
v 190 191 192 175 1.46394e-06 
v 190 192 188 173 2.10203e-05 
v 190 204 205 189 4.12534e-11 
v 191 192 206 190 1.46395e-06 
v 192 145 130 142 4.25768e-06 
v 192 173 142 171 8.10898e-05 
v 192 175 176 174 7.46307e-07 
v 192 176 145 142 2.30424e-06 
v 192 188 204 190 2.10203e-05 
v 192 190 175 174 2.12531e-06 
v 192 206 207 191 3.76256e-12 
v 192 237 218 10 6.61518e-06 
v 193 179 194 178 3.76256e-12 
v 193 196 212 178 7.7841e-06 
v 194 180 196 178 7.04058e-06 
v 194 195 180 179 3.37728e-12 
v 194 196 193 178 2.21024e-06 
v 195 180 196 194 2.12532e-06 
v 195 210 196 211 3.37647e-11 
v 196 182 181 197 9.63618e-11 
v 196 210 194 193 6.29426e-06 
v 196 210 208 226 2.18214e-05 
v 196 211 212 197 8.13641e-11 
v 196 212 198 197 3.1808e-06 
v 196 212 226 193 1.65368e-05 
v 197 198 182 183 5.61827e-11 
v 198 182 196 197 3.1808e-06 
v 198 199 214 183 1.32044e-05 
v 198 212 182 183 1.03166e-05 
v 198 212 213 197 6.98445e-11 
v 198 214 212 183 2.68976e-05 
v 199 185 200 184 5.81725e-11 
v 199 200 214 183 1.7484e-05 
v 199 214 213 198 5.58317e-11 
v 200 201 216 187 1.7484e-05 
v 200 216 215 214 3.82544e-06 
v 201 200 185 186 5.81725e-11 
v 201 216 215 200 3.66996e-11 
v 201 217 216 202 5.58317e-11 
v 202 188 218 187 1.03166e-05 
v 202 203 188 187 5.61827e-11 
v 202 217 218 203 6.98445e-11 
v 202 218 216 187 2.68976e-05 
v 203 202 188 204 3.1808e-06 
v 203 219 218 204 8.13641e-11 
v 204 206 192 190 7.04058e-06 
v 204 219 220 205 3.37647e-11 
v 204 220 206 205 2.12533e-06 
v 206 192 207 204 2.21024e-06 
v 206 204 205 190 2.12532e-06 
v 206 205 191 190 3.37728e-12 
v 206 220 207 221 1.46394e-06 
v 207 192 218 204 7.7841e-06 
v 207 218 234 204 1.65368e-05 
v 207 220 222 221 7.4631e-07 
v 207 222 206 221 3.19199e-12 
v 207 222 237 146 5.68106e-08 
v 207 234 222 204 2.93277e-06 
v 207 237 192 146 1.61781e-07 
v 208 196 226 193 2.93277e-06 
v 208 209 210 193 7.4631e-07 
v 208 226 223 193 8.0915e-07 
v 209 195 210 194 8.40105e-12 
v 209 208 194 193 3.19199e-12 
v 209 208 210 223 7.46308e-07 
v 209 210 225 223 2.12531e-06 
v 209 224 208 223 4.78548e-12 
v 209 225 224 223 1.46396e-06 
v 210 195 196 194 2.12533e-06 
v 210 196 208 193 2.21022e-06 
v 210 209 194 193 1.46394e-06 
v 210 225 224 209 1.42651e-11 
v 211 210 196 212 2.70502e-06 
v 212 182 196 198 1.10614e-05 
v 212 182 239 178 0.000162354 
v 212 210 196 226 5.30602e-06 
v 212 211 210 226 2.70499e-06 
v 212 223 193 178 3.58011e-06 
v 212 228 213 227 6.29336e-11 
v 212 239 228 226 1.10612e-05 
v 213 228 214 229 6.04492e-11 
v 214 182 212 183 5.87722e-06 
v 214 200 216 183 4.58618e-05 
v 214 212 213 198 3.5343e-06 
v 214 215 230 229 4.76894e-11 
v 214 216 232 241 1.69972e-05 
v 214 228 182 183 2.61225e-05 
v 214 239 228 183 3.27803e-05 
v 215 200 214 199 3.66996e-11 
v 215 216 231 214 3.75193e-06 
v 216 200 187 183 8.99612e-05 
v 216 201 202 187 1.32044e-05 
v 216 214 183 241 0.000222613 
v 216 218 232 188 5.53798e-05 
v 216 230 215 231 4.76894e-11 
v 216 232 217 231 6.04492e-11 
v 217 218 216 202 3.5343e-06 
v 218 188 192 10 3.80937e-05 
v 218 202 203 204 3.1808e-06 
v 218 219 220 204 2.70502e-06 
v 218 232 217 216 3.53429e-06 
v 218 234 237 207 4.5625e-06 
v 219 234 218 220 2.70499e-06 
v 220 206 207 204 6.29426e-06 
v 220 207 222 204 2.21022e-06 
v 220 222 234 204 2.18214e-05 
v 220 234 218 204 5.30602e-06 
v 220 235 237 221 2.12531e-06 
v 221 206 220 205 8.40105e-12 
v 221 220 235 236 1.42651e-11 
v 221 235 237 236 1.46396e-06 
v 221 237 222 236 4.78548e-12 
v 222 220 234 237 2.21023e-06 
v 223 2 224 1 7.75274e-13 
v 223 178 1 177 2.98933e-07 
v 223 208 193 177 5.68106e-08 
v 223 226 212 193 4.5625e-06 
v 223 226 225 1 2.21024e-06 
v 224 2 225 238 2.11973e-11 
v 225 2 223 1 7.4632e-07 
v 225 226 3 238 3.23281e-11 
v 226 210 208 223 2.21023e-06 
v 226 212 211 227 3.50135e-11 
v 226 212 239 1 5.35627e-05 
v 226 223 212 1 7.78407e-06 
v 226 225 210 223 6.29422e-06 
v 226 239 228 227 3.18078e-06 
v 227 226 239 3 8.54863e-11 
v 227 239 228 4 1.27909e-10 
v 228 182 212 214 5.53798e-05 
v 228 212 213 214 3.53429e-06 
v 228 212 226 227 3.18075e-06 
v 228 229 4 5 6.82929e-11 
v 228 232 214 229 2.1796e-05 
v 228 239 229 5 3.75193e-06 
v 229 5 17 241 4.31733e-05 
v 229 17 16 241 2.70695e-05 
v 229 228 232 241 2.05314e-05 
v 229 231 230 240 3.82558e-06 
v 229 232 231 241 1.04668e-05 
v 231 215 214 229 3.75193e-06 
v 231 216 232 214 1.11115e-05 
v 231 230 215 229 3.82554e-06 
v 232 188 10 241 0.000154459 
v 232 216 188 187 2.61225e-05 
v 232 218 217 233 6.29336e-11 
v 232 228 214 241 3.33412e-05 
v 232 231 214 229 1.11115e-05 
v 232 234 218 233 3.18075e-06 
v 233 7 232 241 4.15284e-11 
v 233 7 234 242 3.08121e-11 
v 233 232 234 241 3.53431e-06 
v 233 234 218 219 3.50135e-11 
v 234 8 235 242 3.23281e-11 
v 234 10 22 241 5.38248e-05 
v 234 218 237 10 7.78407e-06 
v 234 222 237 207 8.0915e-07 
v 234 232 218 10 4.86451e-05 
v 235 9 8 10 2.12531e-06 
v 235 234 220 237 6.29422e-06 
v 235 237 9 10 7.4632e-07 
v 237 192 218 207 3.58011e-06 
v 237 222 220 221 7.46308e-07 
v 237 235 9 236 1.46395e-06 
v 237 235 234 10 2.21024e-06 
v 238 2 12 13 3.37728e-12 
v 238 12 14 13 2.12532e-06 
v 239 1 14 238 2.10203e-05 
v 239 14 15 3 9.63618e-11 
v 239 16 46 241 0.000224311 
v 239 46 121 241 0.00189254 
v 239 182 121 120 0.00031873 
v 239 182 228 183 5.42852e-05 
v 239 212 178 1 3.80937e-05 
v 239 214 228 241 8.11044e-05 
v 239 226 1 238 2.10203e-05 
v 239 228 229 16 4.66365e-06 
v 240 5 229 6 3.75191e-06 
v 240 18 17 19 3.82557e-06 
v 240 229 231 6 3.75191e-06 
v 240 231 230 6 7.8679e-11 
v 241 5 17 19 1.11115e-05 
v 241 6 5 19 1.11115e-05 
v 241 16 20 19 2.05313e-05 
v 241 17 16 19 1.04668e-05 
v 241 20 6 19 6.91243e-12 
v 242 7 234 241 2.70504e-06 
v 242 21 7 22 4.16876e-11 
v 242 234 8 22 4.83033e-06 
