x 0 -1 -1 
x 0.5 -1 -0.866025 
x 0.866025 -1 -0.5 
x 1 -1 0 
x 0.866025 -1 0.5 
x 0.5 -1 0.866025 
x 0 -1 1 
x -0.5 -1 0.866025 
x -0.866025 -1 0.5 
x -1 -1 0 
x -0.866025 -1 -0.5 
x -0.5 -1 -0.866025 
x 0 1 0 
f 1 13 2 
f 2 13 3 
f 3 13 4 
f 4 13 5 
f 5 13 6 
f 6 13 7 
f 7 13 8 
f 8 13 9 
f 9 13 10 
f 10 13 11 
f 4 8 12 
f 11 13 12 
f 12 13 1 
f 12 1 2 
f 2 3 4 
f 4 5 6 
f 6 7 8 
f 8 9 10 
f 10 11 12 
f 12 2 4 
f 4 6 8 
f 8 10 12 
c 1 13 2.23607 
c 1 2 0.517638 
c 13 2 2.23607 
c 2 3 0.517638 
c 13 3 2.23607 
c 3 4 0.517638 
c 13 4 2.23607 
c 4 5 0.517638 
c 13 5 2.23607 
c 5 6 0.517638 
c 13 6 2.23607 
c 6 7 0.517638 
c 13 7 2.23607 
c 7 8 0.517638 
c 13 8 2.23607 
c 8 9 0.517638 
c 13 9 2.23607 
c 9 10 0.517638 
c 13 10 2.23607 
c 10 11 0.517638 
c 13 11 2.23607 
c 4 8 1.73205 
c 4 12 1.73205 
c 8 12 1.73205 
c 11 12 0.517638 
c 13 12 2.23607 
c 12 1 0.517638 
c 12 2 1 
c 2 4 1 
c 4 6 1 
c 6 8 1 
c 8 10 1 
c 10 12 1 
v 5 13 3 6 0.122008 
v 6 13 3 2 0.211325 
v 6 13 8 7 0.0446583 
v 9 8 12 13 0.211325 
v 12 11 9 13 0.122008 
v 12 13 2 1 0.0446583 
v 13 5 3 4 0.0446583 
v 13 6 8 2 0.57735 
v 13 8 12 2 0.57735 
v 13 11 9 10 0.0446583 
