x 0 -0.707107 -1 
x 0.866025 -0.707107 -0.5 
x 0.866025 -0.707107 0.5 
x 0 -0.707107 1 
x -0.866025 -0.707107 0.5 
x -0.866025 -0.707107 -0.5 
x 0 0.707107 0 
f 1 7 2 
f 2 7 3 
f 3 7 4 
f 4 7 5 
f 2 4 6 
f 5 7 6 
f 6 7 1 
f 6 1 2 
f 2 3 4 
f 4 5 6 
c 1 7 1.73205 
c 1 2 1 
c 7 2 1.73205 
c 2 3 1 
c 7 3 1.73205 
c 3 4 1 
c 7 4 1.73205 
c 4 5 1 
c 7 5 1.73205 
c 2 4 1.73205 
c 2 6 1.73205 
c 4 6 1.73205 
c 5 6 1 
c 7 6 1.73205 
c 6 1 1 
v 1 7 6 2 0.204124 
v 3 7 5 4 0.204124 
v 6 7 5 2 0.408248 
v 7 3 5 2 0.408248 
